
------------------ GENERACIÓN 0 ----------------- 

1-0,1000,0,0
2-250,500,50,200
3-100,100,700,100
4-200,100,600,100
5-100,50,50,800
6-300,100,300,300
7-100,400,100,400
8-1000,0,0,0
9-50,900,10,40
10-0,100,400,500
11-700,0,100,200
12-250,250,250,250

Mejores:
0,1000,700,100
250,500,50,200



------------------ GENERACIÓN 1 ----------------- 

13-0,1000,700,100
14-250,500,50,200
15-250,250,250,250
16-0,1000,700,100
17-250,500,50,200
18-100,887,100,29
19-200,100,600,100
20-100,400,100,400
21-50,900,10,40
22-100,100,700,397
23-300,100,300,52
24-0,1000,288,0

Mejores:
0,1000,288,471
0,1000,288,471



------------------ GENERACIÓN 2 ----------------- 

25-0,1000,288,471
26-0,1000,288,471
27-250,500,50,397
28-0,1000,700,100
29-0,296,700,100
30-100,100,700,200
31-0,1000,700,100
32-250,500,50,200
33-0,1000,700,100
34-0,1000,700,100
35-250,500,50,200
36-250,250,250,250

Mejores:
0,1000,288,471
0,1000,288,471



------------------ GENERACIÓN 3 ----------------- 

37-0,1000,288,471
38-0,1000,288,471
39-0,1000,288,471
40-0,1000,700,100
41-0,1000,700,100
42-250,500,50,397
43-0,1000,700,100
44-0,296,700,100
45-0,1000,288,100
46-250,500,50,200
47-100,52,700,200
48-0,1000,320,100

Mejores:
0,1000,288,471
0,1000,288,397



------------------ GENERACIÓN 4 ----------------- 

49-0,1000,288,471
50-0,1000,288,397
51-0,1000,288,471
52-0,1000,288,471
53-0,1000,288,471
54-0,1000,288,471
55-0,296,700,100
56-0,296,700,100
57-0,1000,700,100
58-0,1000,700,100
59-250,500,50,397
60-0,1000,700,100

Mejores:
0,1000,288,397
0,606,288,471



------------------ GENERACIÓN 5 ----------------- 

61-0,1000,288,397
62-0,606,288,471
63-38,1000,700,100
64-0,1000,288,471
65-0,1000,288,397
66-0,1000,288,471
67-0,1000,288,471
68-0,1000,288,471
69-0,1000,288,471
70-0,1000,288,397
71-0,296,700,100
72-0,296,700,100

Mejores:
0,1000,288,471
0,1000,288,471



------------------ GENERACIÓN 6 ----------------- 

73-0,1000,288,471
74-0,1000,288,471
75-0,1000,288,397
76-0,1000,288,397
77-0,606,288,471
78-38,1000,700,100
79-0,1000,288,397
80-0,1000,288,471
81-0,1000,288,397
82-0,1000,288,471
83-0,1000,288,471
84-0,1000,288,471

Mejores:
0,606,288,471
0,1000,288,397



------------------ GENERACIÓN 7 ----------------- 

85-0,606,288,471
86-0,1000,288,397
87-0,1000,288,471
88-0,1000,288,471
89-0,1000,288,471
90-0,1000,288,471
91-0,1000,288,397
92-0,1000,288,471
93-0,1000,288,397
94-0,606,288,471
95-38,1000,700,100
96-0,606,288,471

Mejores:
0,1000,288,397
0,1000,288,471



------------------ GENERACIÓN 8 ----------------- 

97-0,1000,288,397
98-0,1000,288,471
99-0,1000,288,471
100-0,1000,288,397
101-0,444,288,471
102-0,1000,288,970
103-0,606,288,471
104-0,1000,288,397
105-0,1000,288,471
106-0,1000,288,471
107-0,606,288,471
108-0,1000,288,397

Mejores:
0,1000,288,397
0,606,288,397



------------------ GENERACIÓN 9 ----------------- 

109-0,1000,288,397
110-0,606,288,397
111-0,1000,288,397
112-0,1000,288,397
113-0,1000,705,397
114-0,1000,288,397
115-0,1000,288,471
116-0,1000,288,471
117-0,1000,288,397
118-0,444,288,471
119-0,1000,288,970
120-0,1000,288,397

Mejores:
0,606,288,471
0,1000,288,397



------------------ GENERACIÓN 10 ----------------- 

121-0,606,288,471
122-0,1000,288,397
123-0,1000,288,397
124-0,1000,288,471
125-0,566,288,604
126-0,1000,288,397
127-0,606,288,397
128-0,1000,288,397
129-0,1000,288,397
130-0,1000,705,397
131-0,1000,288,397
132-0,606,288,471

Mejores:
0,1000,288,471
0,606,288,471



------------------ GENERACIÓN 11 ----------------- 

133-0,1000,288,471
134-0,606,288,471
135-0,606,288,471
136-0,606,288,397
137-0,606,288,471
138-0,1000,288,397
139-0,1000,288,397
140-0,1000,288,471
141-0,566,288,604
142-0,606,288,471
143-0,1000,288,397
144-0,1000,288,471

Mejores:
0,606,288,397
0,606,288,471



------------------ GENERACIÓN 12 ----------------- 

145-0,606,288,397
146-0,606,288,471
147-0,606,288,471
148-0,606,288,397
149-0,606,288,258
150-0,1000,288,471
151-0,606,288,471
152-0,606,288,471
153-0,606,288,397
154-0,1000,288,471
155-0,606,288,471
156-0,606,288,397

Mejores:
0,606,288,258
0,606,288,397



------------------ GENERACIÓN 13 ----------------- 

157-0,606,288,258
158-0,606,288,397
159-0,606,288,471
160-0,606,288,258
161-0,606,288,397
162-0,606,288,471
163-0,606,288,471
164-0,606,288,397
165-0,606,288,258
166-0,606,288,397
167-0,1000,288,471
168-0,606,288,258

Mejores:
0,606,288,471
0,1000,288,471



------------------ GENERACIÓN 14 ----------------- 

169-0,606,288,471
170-0,1000,288,471
171-0,606,288,471
172-0,606,288,397
173-0,606,288,258
174-0,606,288,397
175-0,606,288,471
176-0,606,288,258
177-0,606,288,258
178-0,606,288,397
179-0,606,288,471
180-0,606,288,471

Mejores:
0,606,288,397
0,606,288,471



------------------ GENERACIÓN 15 ----------------- 

181-0,606,288,397
182-0,606,288,471
183-0,606,288,471
184-0,606,288,397
185-0,606,288,471
186-0,1000,288,471
187-0,606,288,471
188-0,606,288,397
189-0,606,288,471
190-0,606,288,258
191-0,606,288,397
192-0,606,288,397

Mejores:
0,606,354,258
0,606,354,258



------------------ GENERACIÓN 16 ----------------- 

193-0,606,354,258
194-0,606,354,258
195-0,606,288,471
196-0,606,288,397
197-0,606,288,471
198-0,606,288,471
199-0,926,288,471
200-0,606,288,397
201-0,606,288,471
202-0,606,288,471
203-0,606,288,397
204-0,606,288,397

Mejores:
0,606,354,258
0,606,354,258



------------------ GENERACIÓN 17 ----------------- 

205-0,606,354,258
206-0,606,354,258
207-0,606,354,258
208-0,606,354,258
209-0,606,288,471
210-0,606,288,471
211-0,926,288,397
212-0,606,288,741
213-0,606,288,471
214-0,606,288,397
215-0,606,288,471
216-0,606,288,471

Mejores:
0,606,354,258
0,606,354,258



------------------ GENERACIÓN 18 ----------------- 

217-0,606,354,258
218-0,606,354,258
219-0,606,354,258
220-0,606,354,258
221-0,606,354,258
222-0,606,354,258
223-0,606,288,258
224-0,606,288,471
225-0,606,288,258
226-0,926,288,485
227-0,606,288,471
228-0,606,288,471

Mejores:
0,606,354,258
0,606,354,258



------------------ GENERACIÓN 19 ----------------- 

229-0,606,354,258
230-0,606,354,258
231-0,606,354,258
232-0,606,354,258
233-0,606,354,258
234-0,606,354,258
235-0,606,354,258
236-0,606,354,258
237-0,606,354,258
238-0,926,288,485
239-0,606,288,879
240-0,606,288,258

Mejores:
0,606,354,258
0,606,354,258



------------------ GENERACIÓN 20 ----------------- 

241-0,606,354,258
242-0,606,354,258
243-0,606,354,258
244-0,606,354,258
245-0,606,354,258
246-0,606,354,258
247-0,606,354,258
248-0,606,354,258
249-0,606,354,258
250-0,606,354,258
251-0,606,354,258
252-0,606,354,258

Mejores:
0,606,354,258
0,606,354,258



------------------ GENERACIÓN 21 ----------------- 

253-0,606,354,258
254-0,606,354,258
255-0,606,354,258
256-0,606,354,258
257-0,606,354,258
258-0,606,354,258
259-0,606,354,258
260-0,606,354,258
261-0,606,354,258
262-0,606,354,258
263-0,606,354,258
264-0,606,354,258

Mejores:
0,606,354,258
0,606,354,258



------------------ GENERACIÓN 22 ----------------- 

265-0,606,354,258
266-0,606,354,258
267-0,606,354,258
268-0,606,354,258
269-0,606,354,258
270-0,606,354,258
271-0,606,354,258
272-0,606,354,258
273-0,606,354,258
274-0,606,354,258
275-0,606,354,258
276-0,606,354,258

Mejores:
0,606,354,258
0,606,354,258



------------------ GENERACIÓN 23 ----------------- 

277-0,606,354,258
278-0,606,354,258
279-0,606,354,258
280-0,606,354,258
281-0,606,354,258
282-0,606,354,258
283-0,606,354,258
284-0,606,354,258
285-0,606,354,258
286-0,606,354,258
287-0,606,354,258
288-0,606,354,258

Mejores:
0,606,354,258
0,606,354,258



------------------ GENERACIÓN 24 ----------------- 

289-0,606,354,258
290-0,606,354,258
291-0,606,354,258
292-0,606,354,258
293-0,606,354,258
294-0,606,354,258
295-0,606,354,258
296-0,606,354,258
297-0,606,354,258
298-0,606,354,258
299-0,606,354,258
300-0,606,354,258

Mejores:
0,606,354,258
0,606,354,258



------------------ GENERACIÓN 25 ----------------- 

301-0,606,354,258
302-0,606,354,258
303-0,606,354,258
304-0,606,354,258
305-0,606,354,258
306-0,606,354,258
307-0,606,354,258
308-0,606,354,258
309-0,606,354,258
310-0,606,354,258
311-0,606,354,258
312-0,606,354,258

Mejores:
0,606,354,258
0,606,354,258



------------------ GENERACIÓN 26 ----------------- 

313-0,606,354,258
314-0,606,354,258
315-0,606,354,258
316-0,606,354,258
317-0,606,354,258
318-0,606,354,258
319-0,606,354,258
320-0,606,354,258
321-0,606,354,258
322-0,606,354,258
323-0,606,354,258
324-0,606,354,258

Mejores:
0,606,354,258
0,606,354,258



------------------ GENERACIÓN 27 ----------------- 

325-0,606,354,258
326-0,606,354,258
327-0,606,354,258
328-0,606,354,258
329-0,606,354,258
330-0,606,354,258
331-0,606,354,258
332-0,606,354,258
333-0,606,354,258
334-0,606,354,258
335-0,606,354,258
336-0,606,354,258

Mejores:
0,606,354,258
0,606,354,258



------------------ GENERACIÓN 28 ----------------- 

337-0,606,354,258
338-0,606,354,258
339-0,606,354,258
340-0,606,354,258
341-0,792,354,258
342-0,606,354,258
343-0,606,354,258
344-0,606,354,258
345-0,606,354,258
346-0,606,354,258
347-0,606,354,258
348-0,606,354,258

Mejores:
0,606,354,258
0,606,354,258



------------------ GENERACIÓN 29 ----------------- 

349-0,606,354,258
350-0,606,354,258
351-0,792,354,258
352-0,606,354,258
353-0,606,354,258
354-0,606,354,258
355-0,606,354,258
356-0,606,354,258
357-0,792,354,258
358-0,606,354,258
359-0,606,354,258
360-0,606,354,258

Mejores:
0,606,354,258
0,606,354,258



------------------ GENERACIÓN 30 ----------------- 

361-0,606,354,258
362-0,606,354,258
363-0,792,354,258
364-0,606,354,258
365-0,606,354,258
366-0,606,354,258
367-0,792,354,258
368-0,606,354,258
369-0,606,354,258
370-0,606,354,258
371-0,606,354,258
372-0,606,354,258

Mejores:
0,606,354,258
0,792,354,258



------------------ GENERACIÓN 31 ----------------- 

373-0,606,354,258
374-0,792,354,258
375-0,606,354,258
376-0,606,354,258
377-0,606,354,258
378-0,606,354,258
379-0,792,354,258
380-0,606,354,258
381-0,606,354,258
382-0,606,354,258
383-0,606,354,258
384-0,606,354,258

Mejores:
0,606,354,258
0,606,354,258



------------------ GENERACIÓN 32 ----------------- 

385-0,606,354,258
386-0,606,354,258
387-0,792,354,258
388-0,606,354,258
389-0,606,354,258
390-0,792,354,258
391-0,606,354,258
392-0,606,354,258
393-0,606,354,258
394-0,606,354,258
395-0,606,354,258
396-0,606,354,258

Mejores:
0,606,354,258
0,606,354,258



------------------ GENERACIÓN 33 ----------------- 

397-0,606,354,258
398-0,606,354,258
399-0,606,354,258
400-0,606,354,258
401-0,606,354,258
402-0,606,354,258
403-0,792,354,258
404-0,606,354,258
405-0,606,354,258
406-0,606,354,258
407-0,792,354,258
408-0,606,354,258

Mejores:
0,606,354,258
0,792,354,258



------------------ GENERACIÓN 34 ----------------- 

409-0,606,354,258
410-0,792,354,258
411-0,792,354,258
412-0,606,354,258
413-0,606,354,258
414-0,606,354,258
415-0,606,354,258
416-0,606,354,258
417-0,606,354,258
418-0,606,354,258
419-0,606,354,258
420-0,606,354,258

Mejores:
0,606,354,258
0,606,354,258



------------------ GENERACIÓN 35 ----------------- 

421-0,606,354,258
422-0,606,354,258
423-0,606,354,258
424-0,606,354,258
425-0,606,354,258
426-0,792,354,258
427-0,792,354,258
428-0,606,354,258
429-0,606,354,258
430-0,606,354,258
431-0,606,354,258
432-0,606,354,258

Mejores:
0,606,354,258
0,606,354,258



------------------ GENERACIÓN 36 ----------------- 

433-0,606,354,258
434-0,606,354,258
435-0,606,354,258
436-0,606,354,258
437-0,606,354,258
438-0,606,354,258
439-0,606,354,258
440-0,606,354,258
441-0,606,354,258
442-0,606,354,258
443-0,792,354,258
444-0,606,354,258

Mejores:
0,606,354,258
0,606,354,258



------------------ GENERACIÓN 37 ----------------- 

445-0,606,354,258
446-0,606,354,258
447-0,606,354,258
448-0,606,354,258
449-0,606,354,258
450-0,606,354,258
451-0,606,354,258
452-0,606,354,258
453-0,606,354,258
454-0,606,354,258
455-0,606,354,258
456-0,606,354,258

Mejores:
0,606,354,258
0,606,354,258



------------------ GENERACIÓN 38 ----------------- 

457-0,606,354,258
458-0,606,354,258
459-0,606,354,258
460-0,606,354,258
461-0,606,354,258
462-0,606,354,258
463-0,606,354,258
464-0,606,354,258
465-0,606,354,258
466-0,606,354,258
467-0,606,354,258
468-0,606,354,258

Mejores:
0,606,354,258
0,606,354,258



------------------ GENERACIÓN 39 ----------------- 

469-0,606,354,258
470-0,606,354,258
471-0,606,354,258
472-0,606,354,258
473-0,606,354,258
474-0,606,354,258
475-0,606,354,258
476-0,606,354,258
477-0,606,354,258
478-0,606,354,258
479-0,606,354,258
480-0,606,354,258

Mejores:
0,606,354,258
0,606,354,258



------------------ GENERACIÓN 40 ----------------- 

481-0,606,354,258
482-0,606,354,258
483-0,606,354,258
484-0,606,354,258
485-0,606,354,258
486-0,606,354,258
487-0,606,354,258
488-0,606,354,258
489-0,606,354,258
490-0,606,354,258
491-0,606,354,258
492-0,606,354,258

Mejores:
0,606,354,258
0,606,354,258



------------------ GENERACIÓN 41 ----------------- 

493-0,606,354,258
494-0,606,354,258
495-0,606,354,258
496-0,606,354,258
497-0,606,354,258
498-0,606,354,258
499-0,606,354,258
500-0,606,354,258
501-0,606,354,258
502-0,606,354,258
503-0,606,354,258
504-0,606,354,258

Mejores:
0,606,354,258
0,606,354,258



------------------ GENERACIÓN 42 ----------------- 

505-0,606,354,258
506-0,606,354,258
507-0,606,354,258
508-0,606,354,258
509-0,606,354,258
510-0,606,354,258
511-0,606,354,258
512-0,606,354,258
513-0,606,354,258
514-0,606,354,258
515-0,606,354,258
516-0,606,354,258

Mejores:
0,606,354,258
0,606,354,258



------------------ GENERACIÓN 43 ----------------- 

517-0,606,354,258
518-0,606,354,258
519-0,606,354,258
520-0,606,354,258
521-0,606,354,258
522-0,606,354,258
523-0,606,354,258
524-0,606,354,258
525-0,606,354,258
526-0,606,354,258
527-0,606,354,258
528-0,606,354,258

Mejores:
0,606,354,258
0,606,354,258



------------------ GENERACIÓN 44 ----------------- 

529-0,606,354,258
530-0,606,354,258
531-0,606,354,258
532-0,606,354,258
533-0,606,354,258
534-0,606,354,258
535-0,606,354,258
536-0,606,354,258
537-0,606,354,258
538-0,606,354,258
539-0,606,354,258
540-0,606,354,258

Mejores:
0,606,354,258
0,606,354,258



------------------ GENERACIÓN 45 ----------------- 

541-0,606,354,258
542-0,606,354,258
543-0,606,354,258
544-0,606,354,258
545-0,606,354,258
546-0,606,354,258
547-0,606,354,258
548-0,606,354,258
549-0,606,354,258
550-0,606,354,258
551-0,606,354,258
552-0,606,354,258

Mejores:
0,606,354,258
0,606,354,258



------------------ GENERACIÓN 46 ----------------- 

553-0,606,354,258
554-0,606,354,258
555-0,606,354,258
556-0,606,354,258
557-0,606,354,258
558-0,606,354,258
559-0,606,354,258
560-0,606,354,258
561-0,606,354,258
562-0,606,354,258
563-0,606,354,258
564-0,606,354,258

Mejores:
0,606,354,258
0,606,354,258



------------------ GENERACIÓN 47 ----------------- 

565-0,606,354,258
566-0,606,354,258
567-0,606,354,258
568-0,606,354,258
569-0,606,354,258
570-0,606,354,258
571-0,606,354,258
572-0,606,354,258
573-0,606,354,258
574-0,606,354,258
575-0,606,354,258
576-0,606,354,258

Mejores:
0,606,354,258
0,606,354,258



------------------ GENERACIÓN 48 ----------------- 

577-0,606,354,258
578-0,606,354,258
579-0,606,354,258
580-0,606,354,258
581-0,606,354,258
582-0,606,354,258
583-0,606,354,258
584-0,606,354,258
585-0,606,354,258
586-0,606,354,258
587-0,606,354,258
588-0,606,354,258

Mejores:
0,606,354,258
0,606,354,258



------------------ GENERACIÓN 49 ----------------- 

589-0,606,354,258
590-0,606,354,258
591-0,606,354,258
592-0,606,354,258
593-0,606,354,258
594-0,606,354,258
595-0,606,354,258
596-0,606,354,258
597-0,606,354,258
598-0,606,354,258
599-0,606,354,258
600-0,606,354,258

Mejores:
0,606,354,258
0,606,354,258



------------------ GENERACIÓN 50 ----------------- 

601-0,606,354,258
602-0,606,354,258
603-0,606,354,258
604-0,606,354,258
605-0,606,354,258
606-0,606,354,258
607-0,606,354,258
608-0,606,354,258
609-0,606,354,258
610-0,606,354,258
611-0,606,354,258
612-0,606,354,258

Mejores:
0,606,354,258
0,606,354,258



------------------ GENERACIÓN 51 ----------------- 

613-0,606,354,258
614-0,606,354,258
615-0,606,354,258
616-0,606,354,258
617-0,606,354,258
618-0,606,354,258
619-0,606,354,258
620-0,606,354,258
621-0,606,354,258
622-0,606,354,258
623-0,606,354,258
624-0,606,354,258

Mejores:
0,606,354,258
0,606,354,258



------------------ GENERACIÓN 52 ----------------- 

625-0,606,354,258
626-0,606,354,258
627-0,606,354,258
628-0,606,354,258
629-0,606,354,258
630-0,606,354,258
631-0,606,354,258
632-0,606,354,258
633-0,606,354,258
634-0,606,354,258
635-0,606,354,258
636-0,606,354,258

Mejores:
0,606,354,258
0,606,354,258



------------------ GENERACIÓN 53 ----------------- 

637-0,606,354,258
638-0,606,354,258
639-0,606,354,258
640-0,606,354,258
641-0,606,354,258
642-0,606,354,258
643-0,606,354,258
644-0,606,354,258
645-0,606,354,258
646-0,606,354,258
647-0,606,354,258
648-0,606,354,258

Mejores:
0,606,354,258
0,606,354,258



------------------ GENERACIÓN 54 ----------------- 

649-0,606,354,258
650-0,606,354,258
651-0,606,354,258
652-0,606,354,258
653-0,606,354,258
654-0,606,354,258
655-0,606,354,258
656-0,606,354,258
657-0,606,354,258
658-0,606,354,258
659-0,606,354,258
660-0,606,354,258

Mejores:
0,606,354,258
0,606,354,258



------------------ GENERACIÓN 55 ----------------- 

661-0,606,354,258
662-0,606,354,258
663-0,606,354,258
664-0,606,354,258
665-0,606,354,258
666-0,606,354,258
667-0,606,354,258
668-0,606,354,258
669-0,606,354,258
670-0,606,354,258
671-0,606,354,258
672-0,606,354,258

Mejores:
0,606,354,258
0,606,354,258



------------------ GENERACIÓN 56 ----------------- 

673-0,606,354,258
674-0,606,354,258
675-0,606,354,258
676-0,606,354,258
677-0,606,354,258
678-0,606,354,258
679-0,606,354,258
680-0,606,354,258
681-0,606,354,258
682-0,606,354,258
683-0,606,354,258
684-0,606,354,258

Mejores:
0,606,354,258
0,606,354,258



------------------ GENERACIÓN 57 ----------------- 

685-0,606,354,258
686-0,606,354,258
687-0,606,354,258
688-0,606,354,258
689-0,606,354,258
690-0,606,354,258
691-0,606,354,258
692-0,606,354,258
693-0,606,354,258
694-0,606,354,258
695-0,606,354,258
696-0,606,354,258

Mejores:
0,606,354,258
0,606,354,258



------------------ GENERACIÓN 58 ----------------- 

697-0,606,354,258
698-0,606,354,258
699-0,606,354,258
700-0,606,354,258
701-0,606,354,258
702-0,606,354,258
703-0,606,354,258
704-0,606,354,258
705-0,606,354,258
706-0,606,354,258
707-0,606,354,258
708-0,606,354,258

Mejores:
0,606,354,258
0,606,354,258



------------------ GENERACIÓN 59 ----------------- 

709-0,606,354,258
710-0,606,354,258
711-0,606,354,258
712-0,606,354,258
713-0,780,354,258
714-0,606,354,258
715-0,606,354,258
716-0,606,354,258
717-0,606,354,258
718-0,606,354,258
719-0,606,354,258
720-0,606,354,258

Mejores:
0,606,354,258
0,606,354,258



------------------ GENERACIÓN 60 ----------------- 

721-0,606,354,258
722-0,606,354,258
723-0,606,354,258
724-0,606,354,258
725-0,719,354,258
726-0,606,354,258
727-0,606,354,258
728-0,606,354,258
729-0,606,354,258
730-0,780,354,258
731-0,606,354,258
732-0,606,354,258

Mejores:
0,606,354,258
0,606,354,258



------------------ GENERACIÓN 61 ----------------- 

733-0,606,354,258
734-0,606,354,258
735-0,606,354,258
736-0,606,354,258
737-0,606,354,258
738-0,606,354,258
739-0,606,354,258
740-0,606,354,258
741-0,719,354,258
742-0,606,354,258
743-0,606,354,258
744-0,606,354,258

Mejores:
0,606,354,258
0,606,354,258



------------------ GENERACIÓN 62 ----------------- 

745-0,606,354,258
746-0,606,354,258
747-0,606,354,258
748-0,606,354,258
749-0,606,354,258
750-0,606,354,258
751-0,606,354,258
752-0,606,354,258
753-0,606,354,258
754-0,606,354,258
755-0,606,354,258
756-0,606,354,258

Mejores:
0,606,354,258
0,606,354,258



------------------ GENERACIÓN 63 ----------------- 

757-0,606,354,258
758-0,606,354,258
759-0,606,354,258
760-0,606,354,258
761-0,606,354,258
762-0,606,354,258
763-0,606,354,258
764-0,606,354,258
765-0,606,354,258
766-0,606,354,258
767-0,606,354,258
768-0,606,354,258

Mejores:
0,606,354,258
0,606,354,258



------------------ GENERACIÓN 64 ----------------- 

769-0,606,354,258
770-0,606,354,258
771-0,606,354,258
772-0,606,354,258
773-0,606,354,258
774-0,606,354,258
775-0,606,354,258
776-0,606,354,258
777-0,606,354,258
778-0,606,354,258
779-0,606,354,258
780-0,606,354,258

Mejores:
0,606,354,258
0,606,354,258



------------------ GENERACIÓN 65 ----------------- 

781-0,606,354,258
782-0,606,354,258
783-0,606,354,258
784-0,606,354,258
785-0,606,354,258
786-0,606,354,258
787-0,606,354,258
788-0,606,354,258
789-0,606,354,258
790-0,606,354,258
791-0,606,354,258
792-0,606,354,258

Mejores:
0,606,354,258
0,606,354,258



------------------ GENERACIÓN 66 ----------------- 

793-0,606,354,258
794-0,606,354,258
795-0,606,354,258
796-0,606,354,258
797-0,606,354,258
798-0,606,354,258
799-0,606,354,258
800-0,606,354,258
801-0,606,354,258
802-0,606,354,258
803-0,606,354,258
804-0,606,354,258

Mejores:
0,606,354,258
0,606,354,258



------------------ GENERACIÓN 67 ----------------- 

805-0,606,354,258
806-0,606,354,258
807-0,606,354,258
808-0,606,354,258
809-0,606,354,258
810-0,606,354,258
811-0,606,354,258
812-0,606,354,258
813-0,606,354,258
814-0,606,354,258
815-0,606,354,258
816-0,606,354,258

Mejores:
0,606,354,258
0,606,354,258



------------------ GENERACIÓN 68 ----------------- 

817-0,606,354,258
818-0,606,354,258
819-0,606,354,258
820-0,606,354,258
821-0,606,354,258
822-0,606,354,258
823-0,606,354,258
824-0,606,354,258
825-0,606,354,258
826-0,606,354,258
827-0,606,354,258
828-0,606,354,258

Mejores:
0,606,354,258
0,606,354,258



------------------ GENERACIÓN 69 ----------------- 

829-0,606,354,258
830-0,606,354,258
831-0,606,354,258
832-0,606,354,258
833-0,606,354,258
834-0,606,354,258
835-0,606,354,258
836-0,606,354,258
837-0,606,354,258
838-0,606,354,258
839-0,606,354,258
840-0,606,354,258

Mejores:
0,606,354,258
0,606,354,258



------------------ GENERACIÓN 70 ----------------- 

841-0,606,354,258
842-0,606,354,258
843-0,606,354,258
844-0,606,354,258
845-0,606,354,258
846-0,606,354,258
847-0,606,354,258
848-0,606,354,258
849-0,606,354,258
850-0,606,354,258
851-0,606,354,258
852-0,606,354,258

Mejores:
0,606,354,258
0,606,354,258



------------------ GENERACIÓN 71 ----------------- 

853-0,606,354,258
854-0,606,354,258
855-0,606,354,258
856-0,606,354,258
857-0,606,354,258
858-0,606,354,258
859-0,606,354,258
860-0,606,354,258
861-0,606,354,258
862-0,606,354,258
863-0,606,354,258
864-0,606,354,258

Mejores:
0,606,354,258
0,606,354,258



------------------ GENERACIÓN 72 ----------------- 

865-0,606,354,258
866-0,606,354,258
867-0,606,354,258
868-0,606,354,258
869-0,606,354,77
870-0,606,354,258
871-0,606,354,258
872-0,606,354,258
873-0,606,354,258
874-0,606,354,258
875-0,606,354,258
876-0,606,354,258

Mejores:
0,606,354,258
0,606,354,258



------------------ GENERACIÓN 73 ----------------- 

877-0,606,354,258
878-0,606,354,258
879-0,606,354,258
880-0,606,354,258
881-0,606,354,258
882-0,606,354,258
883-0,606,354,258
884-0,606,354,258
885-0,606,354,77
886-0,606,354,258
887-0,606,354,258
888-0,606,354,258

Mejores:
0,606,354,258
0,606,354,258



------------------ GENERACIÓN 74 ----------------- 

889-0,606,354,258
890-0,606,354,258
891-0,606,354,77
892-0,606,354,258
893-0,606,354,258
894-0,606,354,258
895-0,606,354,258
896-0,606,354,258
897-0,606,354,258
898-0,606,354,258
899-0,606,354,258
900-0,606,354,258

Mejores:
0,606,354,258
0,606,354,258



------------------ GENERACIÓN 75 ----------------- 

901-0,606,354,258
902-0,606,354,258
903-0,606,354,258
904-0,606,354,258
905-0,606,354,258
906-0,606,354,258
907-0,606,354,77
908-0,606,354,258
909-0,606,354,258
910-0,606,354,258
911-0,606,354,258
912-0,606,354,258

Mejores:
0,606,354,258
0,606,354,258



------------------ GENERACIÓN 76 ----------------- 

913-0,606,354,258
914-0,606,354,258
915-0,606,354,258
916-0,606,354,258
917-0,606,354,258
918-0,606,354,258
919-0,606,354,258
920-0,606,354,258
921-0,606,354,258
922-0,606,354,258
923-0,606,354,258
924-0,606,354,258

Mejores:
0,606,354,258
0,606,354,258



------------------ GENERACIÓN 77 ----------------- 

925-0,606,354,258
926-0,606,354,258
927-0,606,354,258
928-0,606,354,258
929-0,606,354,258
930-0,606,354,258
931-0,606,354,258
932-0,606,354,258
933-0,606,354,258
934-0,606,354,258
935-0,606,354,258
936-0,606,354,258

Mejores:
0,606,354,258
0,606,354,258



------------------ GENERACIÓN 78 ----------------- 

937-0,606,354,258
938-0,606,354,258
939-0,606,354,258
940-0,606,354,258
941-0,606,354,258
942-0,606,354,258
943-0,606,354,258
944-0,606,354,258
945-0,606,354,258
946-0,606,354,258
947-0,606,354,258
948-0,606,354,258

Mejores:
0,606,354,258
0,606,354,258



------------------ GENERACIÓN 79 ----------------- 

949-0,606,354,258
950-0,606,354,258
951-0,606,354,258
952-0,606,354,258
953-0,606,354,258
954-0,606,354,258
955-0,606,354,258
956-0,606,354,258
957-0,606,354,258
958-0,606,354,258
959-0,606,354,258
960-0,606,354,258

Mejores:
0,606,354,258
0,606,354,258



------------------ GENERACIÓN 80 ----------------- 

961-0,606,354,258
962-0,606,354,258
963-0,606,354,258
964-0,606,354,258
965-0,606,354,258
966-0,606,354,258
967-0,606,354,258
968-0,606,354,258
969-0,606,354,258
970-0,606,354,258
971-0,606,354,258
972-0,606,354,258

Mejores:
0,606,354,258
0,606,354,258



------------------ GENERACIÓN 81 ----------------- 

973-0,606,354,258
974-0,606,354,258
975-0,606,354,258
976-0,606,354,258
977-0,606,354,258
978-0,606,354,258
979-0,606,354,258
980-0,606,354,258
981-0,606,354,258
982-0,606,354,258
983-0,606,354,258
984-0,606,354,258

Mejores:
0,606,354,258
0,606,354,258



------------------ GENERACIÓN 82 ----------------- 

985-0,606,354,258
986-0,606,354,258
987-0,606,354,258
988-0,606,354,258
989-0,606,354,258
990-0,606,354,258
991-0,606,354,258
992-0,606,354,258
993-0,606,354,258
994-0,606,354,258
995-0,606,354,258
996-0,606,354,258

Mejores:
0,606,354,258
0,606,354,258



------------------ GENERACIÓN 83 ----------------- 

997-0,606,354,258
998-0,606,354,258
999-0,606,354,258
1000-0,606,354,258
1001-0,606,367,258
1002-0,606,354,258
1003-0,606,354,258
1004-0,606,354,258
1005-0,606,354,258
1006-0,606,354,258
1007-0,606,354,258
1008-0,606,354,258

Mejores:
0,606,354,258
0,606,367,258



------------------ GENERACIÓN 84 ----------------- 

1009-0,606,354,258
1010-0,606,367,258
1011-0,606,354,258
1012-0,606,354,258
1013-0,606,354,258
1014-0,606,354,258
1015-0,606,354,258
1016-0,606,354,258
1017-0,606,367,258
1018-0,606,354,258
1019-0,606,354,258
1020-0,606,354,258

Mejores:
0,606,354,258
0,606,354,258



------------------ GENERACIÓN 85 ----------------- 

1021-0,606,354,258
1022-0,606,354,258
1023-0,606,354,258
1024-0,606,354,258
1025-0,606,354,258
1026-0,606,367,258
1027-0,606,354,258
1028-0,606,354,258
1029-0,606,354,258
1030-0,606,354,258
1031-0,606,354,258
1032-0,606,354,258

Mejores:
0,606,354,258
0,606,367,258



------------------ GENERACIÓN 86 ----------------- 

1033-0,606,354,258
1034-0,606,367,258
1035-0,606,354,258
1036-0,606,354,258
1037-0,606,354,258
1038-0,606,354,258
1039-0,606,354,258
1040-0,606,354,258
1041-0,606,354,258
1042-0,606,354,258
1043-0,606,367,258
1044-0,606,354,258

Mejores:
0,606,354,258
0,606,354,258



------------------ GENERACIÓN 87 ----------------- 

1045-0,606,354,258
1046-0,606,354,258
1047-0,606,354,258
1048-0,606,354,258
1049-0,606,354,258
1050-0,606,367,258
1051-0,606,354,258
1052-0,606,354,258
1053-0,606,354,258
1054-0,606,354,258
1055-0,606,354,258
1056-0,606,354,258

Mejores:
0,606,354,258
0,606,354,258



------------------ GENERACIÓN 88 ----------------- 

1057-0,606,354,258
1058-0,606,354,258
1059-0,606,354,258
1060-0,606,354,258
1061-0,606,354,258
1062-0,606,354,258
1063-0,606,354,258
1064-0,606,354,258
1065-0,606,354,258
1066-0,606,354,258
1067-0,606,367,258
1068-0,606,354,258

Mejores:
0,606,354,258
0,606,354,258



------------------ GENERACIÓN 89 ----------------- 

1069-0,606,354,258
1070-0,606,354,258
1071-0,606,354,258
1072-0,606,367,258
1073-0,606,354,258
1074-0,606,354,258
1075-0,606,354,258
1076-0,606,354,258
1077-0,606,354,258
1078-0,606,354,258
1079-0,606,354,258
1080-0,606,354,258

Mejores:
0,606,354,258
0,606,367,258



------------------ GENERACIÓN 90 ----------------- 

1081-0,606,354,258
1082-0,606,367,258
1083-0,606,354,258
1084-0,606,354,258
1085-0,606,354,258
1086-0,606,354,258
1087-0,606,354,258
1088-0,606,367,258
1089-0,606,354,258
1090-0,606,354,258
1091-0,606,354,258
1092-0,606,354,258

Mejores:
0,606,354,258
0,606,354,258



------------------ GENERACIÓN 91 ----------------- 

1093-0,606,354,258
1094-0,606,354,258
1095-0,606,354,258
1096-0,606,354,258
1097-0,606,354,258
1098-0,606,367,258
1099-0,606,354,258
1100-0,606,354,258
1101-0,606,354,258
1102-0,606,354,258
1103-0,606,354,258
1104-0,606,354,258

Mejores:
0,606,354,258
0,606,354,258



------------------ GENERACIÓN 92 ----------------- 

1105-0,606,354,258
1106-0,606,354,258
1107-0,606,354,258
1108-0,606,354,258
1109-0,606,354,258
1110-0,606,354,258
1111-0,606,354,258
1112-0,606,354,258
1113-0,606,354,258
1114-0,606,354,258
1115-0,606,367,258
1116-0,606,354,258

Mejores:
0,606,354,258
0,606,354,258



------------------ GENERACIÓN 93 ----------------- 

1117-0,606,354,258
1118-0,606,354,258
1119-0,606,354,258
1120-0,606,354,258
1121-0,606,354,258
1122-0,606,354,258
1123-0,606,354,258
1124-0,606,354,258
1125-0,606,354,258
1126-0,606,354,258
1127-0,606,354,258
1128-0,606,354,258

Mejores:
0,606,354,258
0,606,354,258



------------------ GENERACIÓN 94 ----------------- 

1129-0,606,354,258
1130-0,606,354,258
1131-0,606,354,258
1132-0,606,354,258
1133-0,606,354,258
1134-0,606,354,258
1135-0,606,354,258
1136-0,606,354,258
1137-0,606,354,258
1138-0,606,354,258
1139-0,606,354,258
1140-0,606,354,258

Mejores:
0,606,354,258
0,606,354,258



------------------ GENERACIÓN 95 ----------------- 

1141-0,606,354,258
1142-0,606,354,258
1143-0,606,354,258
1144-0,606,354,258
1145-0,606,354,258
1146-0,606,354,258
1147-0,606,354,258
1148-0,606,354,258
1149-0,606,354,258
1150-0,606,354,258
1151-0,606,354,258
1152-0,606,354,258

Mejores:
0,606,354,258
0,606,354,258



------------------ GENERACIÓN 96 ----------------- 

1153-0,606,354,258
1154-0,606,354,258
1155-0,606,354,258
1156-0,606,354,258
1157-0,606,354,258
1158-0,606,354,258
1159-0,606,354,258
1160-0,606,354,258
1161-0,606,354,258
1162-0,606,354,258
1163-0,606,354,258
1164-0,606,354,258

Mejores:
0,606,354,258
0,606,354,258



------------------ GENERACIÓN 97 ----------------- 

1165-0,606,354,258
1166-0,606,354,258
1167-0,606,354,258
1168-0,606,354,258
1169-0,780,354,258
1170-0,606,354,258
1171-0,606,354,258
1172-0,606,354,258
1173-0,606,354,258
1174-0,606,354,258
1175-0,606,354,258
1176-0,606,354,258

Mejores:
0,606,354,258
0,606,354,258



------------------ GENERACIÓN 98 ----------------- 

1177-0,606,354,258
1178-0,606,354,258
1179-0,606,354,258
1180-0,606,354,258
1181-0,635,354,258
1182-0,606,354,258
1183-0,606,354,258
1184-0,606,354,258
1185-0,606,354,258
1186-0,780,354,258
1187-0,606,354,258
1188-0,606,354,258

Mejores:
0,606,354,258
0,606,354,258



------------------ GENERACIÓN 99 ----------------- 

1189-0,606,354,258
1190-0,606,354,258
1191-0,635,354,258
1192-0,606,354,258
1193-0,606,354,258
1194-0,606,354,258
1195-0,606,354,258
1196-0,606,354,258
1197-0,635,354,258
1198-0,606,354,258
1199-0,606,354,258
1200-0,606,354,258

Mejores:
0,606,354,258
0,635,354,258



------------------ GENERACIÓN 100 ----------------- 

1201-0,606,354,258
1202-0,635,354,258
1203-0,635,354,258
1204-0,606,354,258
1205-0,606,354,258
1206-0,606,354,258
1207-0,635,354,258
1208-0,606,354,258
1209-0,606,354,258
1210-0,606,354,258
1211-0,606,354,258
1212-0,606,354,258

Mejores:
0,635,354,258
0,606,354,258



------------------ GENERACIÓN 101 ----------------- 

1213-0,635,354,258
1214-0,606,354,258
1215-0,606,354,258
1216-0,606,354,258
1217-0,606,354,258
1218-0,635,354,258
1219-0,635,354,258
1220-0,606,354,258
1221-0,606,354,258
1222-0,606,354,258
1223-0,606,354,258
1224-0,635,354,258

Mejores:
0,606,354,258
0,606,354,258



------------------ GENERACIÓN 102 ----------------- 

1225-0,606,354,258
1226-0,606,354,258
1227-0,606,354,258
1228-0,635,354,258
1229-0,635,354,258
1230-0,606,354,258
1231-0,606,354,258
1232-0,606,354,258
1233-0,635,354,258
1234-0,606,354,258
1235-0,635,354,258
1236-0,606,354,258

Mejores:
0,606,354,258
0,606,354,258



------------------ GENERACIÓN 103 ----------------- 

1237-0,606,354,258
1238-0,606,354,258
1239-0,606,354,258
1240-0,635,354,258
1241-0,606,354,258
1242-0,606,354,258
1243-0,606,354,258
1244-0,635,354,258
1245-0,606,354,258
1246-0,635,354,258
1247-0,606,354,258
1248-0,606,354,258

Mejores:
0,606,354,258
0,606,354,258



------------------ GENERACIÓN 104 ----------------- 

1249-0,606,354,258
1250-0,606,354,258
1251-0,606,354,258
1252-0,606,354,258
1253-0,606,354,258
1254-0,606,354,258
1255-0,606,354,258
1256-0,635,354,258
1257-0,606,354,258
1258-0,606,354,258
1259-0,606,354,258
1260-0,606,354,258

Mejores:
0,606,354,258
0,606,354,258



------------------ GENERACIÓN 105 ----------------- 

1261-0,606,354,258
1262-0,606,354,258
1263-0,606,354,258
1264-0,606,354,258
1265-0,606,354,258
1266-0,606,354,258
1267-0,606,354,258
1268-0,606,354,258
1269-0,606,354,258
1270-0,606,354,258
1271-0,606,354,258
1272-0,606,354,258

Mejores:
0,606,354,258
0,606,354,258



------------------ GENERACIÓN 106 ----------------- 

1273-0,606,354,258
1274-0,606,354,258
1275-0,606,354,258
1276-0,606,354,258
1277-0,606,354,258
1278-0,606,354,258
1279-0,606,354,258
1280-0,606,354,258
1281-0,606,354,258
1282-0,606,354,258
1283-0,606,354,258
1284-0,606,354,258

Mejores:
0,606,354,258
0,606,354,258



------------------ GENERACIÓN 107 ----------------- 

1285-0,606,354,258
1286-0,606,354,258
1287-0,606,354,258
1288-0,606,354,258
1289-0,606,354,258
1290-0,606,354,258
1291-0,606,354,258
1292-0,606,354,258
1293-0,606,354,258
1294-0,606,354,258
1295-0,606,354,258
1296-0,606,354,258

Mejores:
0,606,354,258
0,606,354,258



------------------ GENERACIÓN 108 ----------------- 

1297-0,606,354,258
1298-0,606,354,258
1299-0,606,354,258
1300-0,606,354,258
1301-0,796,354,258
1302-0,606,354,258
1303-0,606,354,258
1304-0,606,354,258
1305-0,606,354,258
1306-0,606,354,258
1307-0,606,354,258
1308-0,606,354,258

Mejores:
0,606,354,258
0,606,354,258



------------------ GENERACIÓN 109 ----------------- 

1309-0,606,354,258
1310-0,606,354,258
1311-0,606,354,258
1312-0,606,354,258
1313-0,606,354,76
1314-0,647,354,258
1315-0,606,354,258
1316-0,606,354,258
1317-0,606,354,258
1318-0,606,354,258
1319-0,796,354,258
1320-0,606,354,258

Mejores:
0,796,354,258
0,606,354,258



------------------ GENERACIÓN 110 ----------------- 

1321-0,796,354,258
1322-0,606,354,258
1323-0,606,354,258
1324-0,606,354,258
1325-0,606,354,258
1326-0,606,354,258
1327-0,606,354,258
1328-0,606,354,258
1329-0,606,354,76
1330-0,647,354,258
1331-0,606,354,258
1332-0,796,354,258

Mejores:
0,606,354,258
0,606,354,258



------------------ GENERACIÓN 111 ----------------- 

1333-0,606,354,258
1334-0,606,354,258
1335-0,606,354,258
1336-0,606,354,258
1337-0,796,354,258
1338-0,606,354,258
1339-0,606,354,258
1340-0,606,354,258
1341-0,796,354,258
1342-0,606,354,258
1343-0,606,354,258
1344-0,606,354,258

Mejores:
0,606,354,258
0,606,354,258



------------------ GENERACIÓN 112 ----------------- 

1345-0,606,354,258
1346-0,606,354,258
1347-0,606,354,258
1348-0,606,354,258
1349-0,611,354,258
1350-0,606,354,258
1351-0,606,354,258
1352-0,606,354,258
1353-0,606,354,258
1354-0,606,354,258
1355-0,796,354,258
1356-0,606,354,258

Mejores:
0,606,354,258
0,606,354,258



------------------ GENERACIÓN 113 ----------------- 

1357-0,606,354,258
1358-0,606,354,258
1359-0,796,354,258
1360-0,606,354,258
1361-0,606,354,258
1362-0,606,354,258
1363-0,606,354,258
1364-0,606,354,258
1365-0,611,354,258
1366-0,606,354,258
1367-0,606,354,258
1368-0,606,354,258

Mejores:
0,606,354,258
0,611,354,258



------------------ GENERACIÓN 114 ----------------- 

1369-0,606,354,258
1370-0,611,354,258
1371-0,606,354,258
1372-0,606,354,258
1373-0,606,354,258
1374-0,606,354,258
1375-0,796,354,258
1376-0,606,354,258
1377-0,606,354,258
1378-0,606,354,258
1379-0,606,354,258
1380-0,606,354,258

Mejores:
0,606,354,258
0,611,354,258



------------------ GENERACIÓN 115 ----------------- 

1381-0,606,354,258
1382-0,611,354,258
1383-0,796,354,258
1384-0,606,354,258
1385-0,606,354,258
1386-0,611,354,258
1387-0,606,354,258
1388-0,606,354,258
1389-0,606,354,258
1390-0,606,354,258
1391-0,606,354,258
1392-0,606,354,258

Mejores:
0,606,354,258
0,606,354,258



------------------ GENERACIÓN 116 ----------------- 

1393-0,606,354,258
1394-0,606,354,258
1395-0,606,354,258
1396-0,606,354,258
1397-0,606,354,258
1398-0,611,354,258
1399-0,796,354,258
1400-0,606,354,258
1401-0,606,354,258
1402-0,606,354,258
1403-0,611,354,258
1404-0,606,354,258

Mejores:
0,606,354,258
0,606,354,258



------------------ GENERACIÓN 117 ----------------- 

1405-0,606,354,258
1406-0,606,354,258
1407-0,606,354,258
1408-0,606,354,258
1409-0,606,354,258
1410-0,606,354,258
1411-0,606,354,258
1412-0,606,354,258
1413-0,606,354,258
1414-0,606,354,258
1415-0,611,354,258
1416-0,606,354,258

Mejores:
0,606,354,258
0,606,354,258



------------------ GENERACIÓN 118 ----------------- 

1417-0,606,354,258
1418-0,606,354,258
1419-0,606,354,258
1420-0,606,354,258
1421-0,606,354,258
1422-0,606,354,258
1423-0,606,354,258
1424-0,606,354,258
1425-0,606,354,258
1426-0,606,354,258
1427-0,606,354,258
1428-0,606,354,258

Mejores:
0,606,354,258
0,606,354,258



------------------ GENERACIÓN 119 ----------------- 

1429-0,606,354,258
1430-0,606,354,258
1431-0,606,354,258
1432-0,606,354,258
1433-0,606,354,258
1434-0,606,354,258
1435-0,606,354,258
1436-0,606,354,258
1437-0,606,354,258
1438-0,606,354,258
1439-0,606,354,258
1440-0,606,354,258

Mejores:
0,606,354,258
0,606,354,258



------------------ GENERACIÓN 120 ----------------- 

1441-0,606,354,258
1442-0,606,354,258
1443-0,606,354,258
1444-0,606,354,258
1445-0,606,354,258
1446-0,606,354,258
1447-0,606,354,258
1448-0,606,354,258
1449-0,606,354,258
1450-0,606,354,258
1451-0,606,354,258
1452-0,606,354,258

Mejores:
0,606,354,258
0,606,354,258



------------------ GENERACIÓN 121 ----------------- 

1453-0,606,354,258
1454-0,606,354,258
1455-0,606,354,258
1456-0,606,354,258
1457-0,606,354,258
1458-0,606,354,258
1459-0,606,354,258
1460-0,606,354,258
1461-0,606,354,258
1462-0,606,354,258
1463-0,606,354,258
1464-0,606,354,258

Mejores:
0,606,354,258
0,606,354,258



------------------ GENERACIÓN 122 ----------------- 

1465-0,606,354,258
1466-0,606,354,258
1467-0,606,354,258
1468-0,606,354,258
1469-0,606,354,258
1470-0,606,354,258
1471-0,606,354,258
1472-0,606,354,258
1473-0,606,354,258
1474-0,606,354,258
1475-0,606,354,258
1476-0,606,354,258

Mejores:
0,606,354,258
0,606,354,258



------------------ GENERACIÓN 123 ----------------- 

1477-0,606,354,258
1478-0,606,354,258
1479-0,606,354,258
1480-0,606,354,258
1481-0,660,354,258
1482-0,606,354,258
1483-0,606,354,258
1484-0,606,354,258
1485-0,606,354,258
1486-0,606,354,258
1487-0,606,354,258
1488-0,606,354,258

Mejores:
0,606,354,258
0,606,354,258



------------------ GENERACIÓN 124 ----------------- 

1489-0,606,354,258
1490-0,606,354,258
1491-0,606,354,258
1492-0,660,354,258
1493-0,606,354,258
1494-0,606,354,258
1495-0,606,354,258
1496-0,606,354,258
1497-0,660,354,258
1498-0,606,354,258
1499-0,606,354,258
1500-0,606,354,258

Mejores:
0,606,354,258
0,606,354,258



------------------ GENERACIÓN 125 ----------------- 

1501-0,606,354,258
1502-0,606,354,258
1503-0,606,354,258
1504-0,660,354,258
1505-0,606,354,258
1506-0,606,354,258
1507-0,606,354,258
1508-0,660,354,258
1509-0,606,354,258
1510-0,606,354,258
1511-0,606,354,258
1512-0,606,354,258

Mejores:
0,606,354,258
0,606,354,258



------------------ GENERACIÓN 126 ----------------- 

1513-0,606,354,258
1514-0,606,354,258
1515-0,606,354,258
1516-0,606,354,258
1517-0,606,354,258
1518-0,606,354,258
1519-0,606,354,258
1520-0,660,354,258
1521-0,606,354,258
1522-0,606,354,258
1523-0,606,354,258
1524-0,606,354,258

Mejores:
0,606,354,258
0,606,354,258



------------------ GENERACIÓN 127 ----------------- 

1525-0,606,354,258
1526-0,606,354,258
1527-0,606,354,258
1528-0,606,354,258
1529-0,606,354,258
1530-0,606,354,258
1531-0,606,354,258
1532-0,606,354,258
1533-0,606,354,258
1534-0,606,354,258
1535-0,606,354,258
1536-0,606,354,258

Mejores:
0,606,354,258
0,606,354,258



------------------ GENERACIÓN 128 ----------------- 

1537-0,606,354,258
1538-0,606,354,258
1539-0,606,354,258
1540-0,606,354,258
1541-0,606,354,258
1542-0,606,354,258
1543-0,606,354,258
1544-0,606,354,258
1545-0,606,354,258
1546-0,606,354,258
1547-0,606,354,258
1548-0,606,354,258

Mejores:
0,606,354,258
0,606,354,258



------------------ GENERACIÓN 129 ----------------- 

1549-0,606,354,258
1550-0,606,354,258
1551-0,606,354,258
1552-0,606,354,258
1553-0,606,354,258
1554-0,606,354,258
1555-0,606,354,258
1556-0,606,354,258
1557-0,606,354,258
1558-0,606,354,258
1559-0,606,354,258
1560-0,606,354,258

Mejores:
0,606,354,258
0,606,354,258



------------------ GENERACIÓN 130 ----------------- 

1561-0,606,354,258
1562-0,606,354,258
1563-0,606,354,258
1564-0,606,354,258
1565-0,606,354,258
1566-0,606,354,258
1567-0,606,354,258
1568-0,606,354,258
1569-0,606,354,258
1570-0,606,354,258
1571-0,606,354,258
1572-0,606,354,258

Mejores:
0,606,354,258
0,606,354,258



------------------ GENERACIÓN 131 ----------------- 

1573-0,606,354,258
1574-0,606,354,258
1575-0,606,354,258
1576-0,606,354,258
1577-0,606,354,258
1578-0,606,354,258
1579-0,606,354,258
1580-0,606,354,258
1581-0,606,354,258
1582-0,606,354,258
1583-0,606,354,258
1584-0,606,354,258

Mejores:
0,606,354,258
0,606,354,258



------------------ GENERACIÓN 132 ----------------- 

1585-0,606,354,258
1586-0,606,354,258
1587-0,606,354,258
1588-0,606,354,258
1589-0,606,354,258
1590-0,606,354,258
1591-0,606,354,258
1592-0,606,354,258
1593-0,606,354,258
1594-0,606,354,258
1595-0,606,354,258
1596-0,606,354,258

Mejores:
0,606,354,258
0,606,354,258



------------------ GENERACIÓN 133 ----------------- 

1597-0,606,354,258
1598-0,606,354,258
1599-0,606,354,258
1600-0,606,354,258
1601-0,606,354,258
1602-0,606,354,258
1603-0,606,354,258
1604-0,606,354,258
1605-0,606,354,258
1606-0,606,354,258
1607-0,606,354,258
1608-0,606,354,258

Mejores:
0,606,354,258
0,606,354,258



------------------ GENERACIÓN 134 ----------------- 

1609-0,606,354,258
1610-0,606,354,258
1611-0,606,354,258
1612-0,606,354,258
1613-0,606,354,258
1614-0,606,354,258
1615-0,606,354,258
1616-0,606,354,258
1617-0,606,354,258
1618-0,606,354,258
1619-0,606,354,258
1620-0,606,354,258

Mejores:
0,606,354,258
0,606,354,258



------------------ GENERACIÓN 135 ----------------- 

1621-0,606,354,258
1622-0,606,354,258
1623-0,606,354,258
1624-0,606,354,258
1625-0,606,354,258
1626-0,606,354,258
1627-0,606,354,258
1628-0,606,354,258
1629-0,606,354,258
1630-0,606,354,258
1631-0,606,354,258
1632-0,606,354,258

Mejores:
0,606,354,258
0,606,354,258



------------------ GENERACIÓN 136 ----------------- 

1633-0,606,354,258
1634-0,606,354,258
1635-0,606,354,258
1636-0,606,354,258
1637-0,606,354,258
1638-0,606,354,258
1639-0,606,354,258
1640-0,606,354,258
1641-0,606,354,258
1642-0,606,354,258
1643-0,606,354,258
1644-0,606,354,258

Mejores:
0,606,354,258
0,606,354,258



------------------ GENERACIÓN 137 ----------------- 

1645-0,606,354,258
1646-0,606,354,258
1647-0,606,354,258
1648-0,606,354,258
1649-0,606,354,258
1650-0,606,354,258
1651-0,606,354,258
1652-0,606,354,258
1653-0,606,354,258
1654-0,606,354,258
1655-0,606,354,258
1656-0,606,354,258

Mejores:
0,606,354,258
0,606,354,258



------------------ GENERACIÓN 138 ----------------- 

1657-0,606,354,258
1658-0,606,354,258
1659-0,606,354,258
1660-0,606,354,258
1661-0,690,354,258
1662-0,606,354,258
1663-0,606,354,258
1664-0,606,354,258
1665-0,606,354,258
1666-0,606,354,258
1667-0,606,354,258
1668-0,606,354,258

Mejores:
0,606,354,258
0,606,354,258



------------------ GENERACIÓN 139 ----------------- 

1669-0,606,354,258
1670-0,606,354,258
1671-0,690,354,258
1672-0,606,354,258
1673-0,606,354,258
1674-0,606,354,258
1675-0,606,354,258
1676-0,606,354,258
1677-0,690,354,258
1678-0,606,354,258
1679-0,606,354,258
1680-0,606,354,258

Mejores:
0,606,354,258
0,606,354,258



------------------ GENERACIÓN 140 ----------------- 

1681-0,606,354,258
1682-0,606,354,258
1683-0,606,354,258
1684-0,606,354,258
1685-0,690,370,258
1686-0,606,354,258
1687-0,606,354,258
1688-0,690,354,258
1689-0,606,354,258
1690-0,606,354,258
1691-0,606,354,258
1692-0,606,354,258

Mejores:
0,690,354,258
0,606,354,258



------------------ GENERACIÓN 141 ----------------- 

1693-0,690,354,258
1694-0,606,354,258
1695-0,606,354,258
1696-0,606,354,258
1697-0,606,354,258
1698-0,606,354,258
1699-0,606,354,258
1700-0,606,354,258
1701-0,690,370,258
1702-0,606,354,258
1703-0,606,354,258
1704-0,690,354,258

Mejores:
0,606,354,258
0,690,370,258



------------------ GENERACIÓN 142 ----------------- 

1705-0,606,354,258
1706-0,690,370,258
1707-0,606,354,258
1708-0,606,354,258
1709-0,690,354,258
1710-0,606,354,258
1711-0,606,354,258
1712-0,606,354,258
1713-0,690,354,258
1714-0,606,354,258
1715-0,606,354,258
1716-0,606,354,258

Mejores:
0,606,354,258
0,606,354,258



------------------ GENERACIÓN 143 ----------------- 

1717-0,606,354,258
1718-0,606,354,258
1719-0,606,354,258
1720-0,606,354,258
1721-0,606,354,258
1722-0,690,370,258
1723-0,606,354,258
1724-0,606,354,258
1725-0,606,354,258
1726-0,690,354,258
1727-0,606,354,258
1728-0,606,354,258

Mejores:
0,606,354,258
0,606,354,258



------------------ GENERACIÓN 144 ----------------- 

1729-0,606,354,258
1730-0,606,354,258
1731-0,606,354,258
1732-0,606,354,258
1733-0,606,354,258
1734-0,606,354,258
1735-0,606,354,258
1736-0,606,354,258
1737-0,606,354,258
1738-0,606,354,258
1739-0,690,370,258
1740-0,606,354,258

Mejores:
0,690,370,258
0,606,354,258



------------------ GENERACIÓN 145 ----------------- 

1741-0,690,370,258
1742-0,606,354,258
1743-0,606,354,258
1744-0,606,354,258
1745-0,606,354,258
1746-0,606,354,258
1747-0,606,354,258
1748-0,606,354,258
1749-0,606,354,258
1750-0,606,354,258
1751-0,606,354,258
1752-0,690,370,258

Mejores:
0,690,354,258
0,606,354,258



------------------ GENERACIÓN 146 ----------------- 

1753-0,690,354,258
1754-0,606,354,258
1755-0,606,354,258
1756-0,606,354,258
1757-0,690,370,265
1758-0,690,370,258
1759-0,606,354,258
1760-0,606,354,258
1761-0,606,354,258
1762-0,690,370,258
1763-0,606,354,258
1764-0,690,354,258

Mejores:
0,690,370,265
0,690,354,258



------------------ GENERACIÓN 147 ----------------- 

1765-0,690,370,265
1766-0,690,354,258
1767-0,606,354,258
1768-0,606,354,258
1769-0,690,354,258
1770-0,606,354,258
1771-0,606,354,258
1772-0,606,354,258
1773-0,690,370,265
1774-0,690,354,258
1775-0,690,370,258
1776-0,690,370,265

Mejores:
0,606,354,258
0,606,354,258



------------------ GENERACIÓN 148 ----------------- 

1777-0,606,354,258
1778-0,606,354,258
1779-0,690,370,265
1780-0,606,354,258
1781-0,690,370,265
1782-0,690,354,258
1783-0,606,354,258
1784-0,606,354,258
1785-0,690,370,265
1786-0,690,354,258
1787-0,606,354,258
1788-0,606,354,258

Mejores:
0,606,354,258
0,606,370,265



------------------ GENERACIÓN 149 ----------------- 

1789-0,606,354,258
1790-0,606,370,265
1791-0,606,370,265
1792-0,690,370,265
1793-0,606,354,258
1794-0,606,354,258
1795-0,690,370,265
1796-0,606,354,258
1797-0,606,354,258
1798-0,690,370,265
1799-0,690,354,258
1800-0,606,354,258

Mejores:
0,690,354,258
0,690,370,265



------------------ GENERACIÓN 150 ----------------- 

1801-0,690,354,258
1802-0,690,370,265
1803-0,606,354,258
1804-0,690,370,265
1805-0,606,354,258
1806-0,606,370,265
1807-0,606,370,265
1808-0,690,370,265
1809-0,606,354,258
1810-0,606,354,258
1811-0,606,354,258
1812-0,690,354,258

Mejores:
0,690,354,258
0,690,354,258



------------------ GENERACIÓN 151 ----------------- 

1813-0,690,354,258
1814-0,690,354,258
1815-0,606,354,258
1816-0,690,354,258
1817-0,690,354,258
1818-0,690,370,265
1819-0,606,354,258
1820-0,690,370,265
1821-0,690,354,258
1822-0,606,354,258
1823-0,606,370,265
1824-0,690,354,258

Mejores:
0,606,370,258
0,690,354,258



------------------ GENERACIÓN 152 ----------------- 

1825-0,606,370,258
1826-0,690,354,258
1827-0,690,370,265
1828-0,690,354,258
1829-0,690,354,258
1830-0,606,354,258
1831-0,690,354,258
1832-0,690,354,258
1833-0,690,354,258
1834-0,690,370,265
1835-0,606,354,258
1836-0,606,370,258

Mejores:
0,690,354,258
0,690,354,258



------------------ GENERACIÓN 153 ----------------- 

1837-0,690,354,258
1838-0,690,354,258
1839-0,606,370,258
1840-0,690,354,258
1841-0,606,370,258
1842-0,690,354,258
1843-0,690,370,265
1844-0,606,370,258
1845-0,690,354,258
1846-0,690,354,258
1847-0,606,354,258
1848-0,690,354,258

Mejores:
0,690,354,258
0,690,354,258



------------------ GENERACIÓN 154 ----------------- 

1849-0,690,354,258
1850-0,690,354,258
1851-0,690,354,258
1852-0,690,354,258
1853-0,690,354,258
1854-0,690,354,258
1855-0,606,370,258
1856-0,690,354,258
1857-0,690,354,258
1858-0,606,370,258
1859-0,690,354,258
1860-0,690,354,258

Mejores:
0,690,354,258
0,690,354,258



------------------ GENERACIÓN 155 ----------------- 

1861-0,690,354,258
1862-0,690,354,258
1863-0,690,354,258
1864-0,690,354,258
1865-0,606,370,251
1866-0,690,354,258
1867-0,690,354,258
1868-0,690,354,258
1869-0,690,354,258
1870-0,690,354,258
1871-0,690,354,258
1872-0,690,354,258

Mejores:
0,690,354,258
0,606,370,258



------------------ GENERACIÓN 156 ----------------- 

1873-0,690,354,258
1874-0,606,370,258
1875-0,690,354,258
1876-0,690,354,258
1877-0,764,354,258
1878-0,690,378,258
1879-0,690,354,258
1880-0,690,354,258
1881-0,690,354,258
1882-0,690,354,258
1883-0,606,370,251
1884-0,690,354,258

Mejores:
0,690,378,258
0,690,354,258



------------------ GENERACIÓN 157 ----------------- 

1885-0,690,378,258
1886-0,690,354,258
1887-0,690,354,258
1888-0,690,378,258
1889-0,690,354,258
1890-0,606,370,258
1891-0,690,354,258
1892-0,690,354,258
1893-0,764,354,258
1894-0,690,378,258
1895-0,690,354,258
1896-0,690,378,258

Mejores:
0,606,370,258
0,690,354,258



------------------ GENERACIÓN 158 ----------------- 

1897-0,606,370,258
1898-0,690,354,258
1899-0,690,354,258
1900-0,690,354,258
1901-0,690,378,258
1902-0,690,354,258
1903-0,690,354,258
1904-0,690,378,258
1905-0,690,378,258
1906-0,690,354,258
1907-0,606,370,258
1908-0,606,370,258

Mejores:
0,690,354,258
0,606,354,258



------------------ GENERACIÓN 159 ----------------- 

1909-0,690,354,258
1910-0,606,354,258
1911-0,690,354,258
1912-0,690,354,258
1913-0,690,354,231
1914-0,606,370,258
1915-0,690,354,258
1916-0,690,354,258
1917-0,690,354,258
1918-0,606,370,258
1919-0,690,378,258
1920-0,690,354,258

Mejores:
0,690,354,231
0,690,354,258



------------------ GENERACIÓN 160 ----------------- 

1921-0,690,354,231
1922-0,690,354,258
1923-0,690,354,258
1924-0,690,354,258
1925-0,690,354,258
1926-0,606,354,258
1927-0,690,354,258
1928-0,690,354,258
1929-0,690,354,231
1930-0,690,354,258
1931-0,606,370,258
1932-0,690,354,231

Mejores:
0,690,354,258
0,690,354,231



------------------ GENERACIÓN 161 ----------------- 

1933-0,690,354,258
1934-0,690,354,231
1935-0,690,354,258
1936-0,690,354,258
1937-0,690,354,231
1938-0,690,354,258
1939-0,690,354,258
1940-0,690,354,258
1941-0,690,354,231
1942-0,690,354,258
1943-0,606,354,258
1944-0,690,354,258

Mejores:
0,690,354,258
0,690,354,231



------------------ GENERACIÓN 162 ----------------- 

1945-0,690,354,258
1946-0,690,354,231
1947-0,690,354,258
1948-0,690,354,258
1949-0,690,354,258
1950-0,690,354,231
1951-0,690,354,258
1952-0,690,354,258
1953-0,690,354,258
1954-0,690,354,231
1955-0,690,354,258
1956-0,690,354,258

Mejores:
0,690,354,258
0,690,354,258



------------------ GENERACIÓN 163 ----------------- 

1957-0,690,354,258
1958-0,690,354,258
1959-0,690,354,258
1960-0,690,354,258
1961-0,690,354,258
1962-0,690,354,231
1963-0,690,354,258
1964-0,690,354,258
1965-0,690,354,258
1966-0,690,354,258
1967-0,690,354,231
1968-0,690,354,258

Mejores:
0,690,354,258
0,690,354,231



------------------ GENERACIÓN 164 ----------------- 

1969-0,690,354,258
1970-0,690,354,231
1971-0,690,354,258
1972-0,690,354,258
1973-0,690,354,258
1974-0,690,354,258
1975-0,690,354,258
1976-0,690,354,258
1977-0,690,354,258
1978-0,690,354,258
1979-0,690,354,231
1980-0,690,354,258

Mejores:
0,690,354,258
0,690,354,258



------------------ GENERACIÓN 165 ----------------- 

1981-0,690,354,258
1982-0,690,354,258
1983-0,690,354,258
1984-0,690,354,231
1985-0,690,346,258
1986-0,690,354,258
1987-0,690,354,231
1988-0,690,354,258
1989-0,690,354,258
1990-0,690,354,258
1991-0,690,354,258
1992-0,690,354,258

Mejores:
0,690,354,258
0,690,354,258



------------------ GENERACIÓN 166 ----------------- 

1993-0,690,354,258
1994-0,690,354,258
1995-0,690,354,231
1996-0,690,354,258
1997-0,690,354,258
1998-0,690,354,258
1999-0,690,354,258
2000-0,690,354,231
2001-0,690,346,258
2002-0,690,354,258
2003-0,690,354,258
2004-0,690,354,258

Mejores:
0,690,354,231
0,690,354,258



------------------ GENERACIÓN 167 ----------------- 

2005-0,690,354,231
2006-0,690,354,258
2007-0,690,354,258
2008-0,690,346,258
2009-0,690,354,258
2010-0,690,354,258
2011-0,690,354,231
2012-0,690,354,258
2013-0,690,354,258
2014-0,690,354,258
2015-0,690,354,258
2016-0,690,354,231

Mejores:
0,690,354,258
0,690,346,258



------------------ GENERACIÓN 168 ----------------- 

2017-0,690,354,258
2018-0,690,346,258
2019-0,690,354,258
2020-0,690,354,258
2021-0,690,354,231
2022-0,690,354,258
2023-0,690,354,258
2024-0,690,346,258
2025-0,690,354,231
2026-0,690,354,258
2027-0,690,354,258
2028-0,690,354,258

Mejores:
0,690,354,258
0,690,354,258



------------------ GENERACIÓN 169 ----------------- 

2029-0,690,354,258
2030-0,690,354,258
2031-0,690,354,258
2032-0,690,354,258
2033-0,690,354,258
2034-0,690,346,258
2035-0,690,354,258
2036-0,690,354,258
2037-0,690,354,258
2038-0,690,354,231
2039-0,690,354,258
2040-0,690,354,258

Mejores:
0,690,354,258
0,690,354,258



------------------ GENERACIÓN 170 ----------------- 

2041-0,690,354,258
2042-0,690,354,258
2043-0,690,354,258
2044-0,690,354,258
2045-0,690,354,258
2046-0,690,354,258
2047-0,690,354,258
2048-0,690,354,258
2049-0,690,354,258
2050-0,690,354,258
2051-0,690,346,258
2052-0,690,354,258

Mejores:
0,690,354,258
0,690,354,258



------------------ GENERACIÓN 171 ----------------- 

2053-0,690,354,258
2054-0,690,354,258
2055-0,690,354,258
2056-0,690,354,258
2057-0,669,354,258
2058-0,690,354,258
2059-0,690,354,258
2060-0,690,354,258
2061-0,690,354,258
2062-0,690,354,258
2063-0,690,354,258
2064-0,690,354,258

Mejores:
0,690,354,258
0,690,354,258



------------------ GENERACIÓN 172 ----------------- 

2065-0,690,354,258
2066-0,690,354,258
2067-0,690,354,258
2068-0,690,354,258
2069-0,690,354,258
2070-0,690,354,258
2071-0,690,354,258
2072-0,690,354,258
2073-0,669,354,258
2074-0,690,354,258
2075-0,690,354,258
2076-0,690,354,258

Mejores:
0,690,354,258
0,690,354,258



------------------ GENERACIÓN 173 ----------------- 

2077-0,690,354,258
2078-0,690,354,258
2079-0,690,354,258
2080-0,690,354,258
2081-0,701,354,258
2082-0,690,354,258
2083-0,690,354,258
2084-0,690,354,258
2085-0,690,354,258
2086-0,690,354,258
2087-0,690,354,258
2088-0,690,354,258

Mejores:
0,690,354,258
0,690,354,258



------------------ GENERACIÓN 174 ----------------- 

2089-0,690,354,258
2090-0,690,354,258
2091-0,690,354,258
2092-0,701,354,258
2093-0,690,354,258
2094-0,690,354,258
2095-0,690,354,258
2096-0,690,354,258
2097-0,701,354,258
2098-0,690,354,258
2099-0,690,354,258
2100-0,690,354,258

Mejores:
0,701,354,258
0,690,354,258



------------------ GENERACIÓN 175 ----------------- 

2101-0,701,354,258
2102-0,690,354,258
2103-0,690,354,258
2104-0,690,354,258
2105-0,781,354,258
2106-0,690,354,258
2107-0,690,354,258
2108-0,690,354,258
2109-0,701,354,258
2110-0,690,354,258
2111-0,690,354,258
2112-0,701,354,258

Mejores:
0,690,354,258
0,701,354,258



------------------ GENERACIÓN 176 ----------------- 

2113-0,690,354,258
2114-0,701,354,258
2115-0,781,354,258
2116-0,690,354,258
2117-0,602,354,258
2118-0,701,354,258
2119-0,690,354,258
2120-0,690,354,258
2121-0,690,354,258
2122-0,781,354,258
2123-0,701,354,258
2124-0,690,354,258

Mejores:
0,602,354,258
0,701,354,258



------------------ GENERACIÓN 177 ----------------- 

2125-0,602,354,258
2126-0,701,354,258
2127-0,781,354,258
2128-0,690,354,258
2129-0,690,354,258
2130-0,701,354,258
2131-0,781,354,258
2132-0,690,354,258
2133-0,602,354,258
2134-0,690,354,258
2135-0,701,354,258
2136-0,602,354,258

Mejores:
0,690,354,258
0,690,354,258



------------------ GENERACIÓN 178 ----------------- 

2137-0,690,354,258
2138-0,690,354,258
2139-0,690,354,258
2140-0,690,354,258
2141-0,690,357,258
2142-0,602,354,258
2143-0,701,354,258
2144-0,781,354,258
2145-0,690,354,258
2146-0,602,354,258
2147-0,690,354,258
2148-0,690,354,258

Mejores:
0,602,354,258
0,701,354,258



------------------ GENERACIÓN 179 ----------------- 

2149-0,602,354,258
2150-0,701,354,258
2151-0,781,354,258
2152-0,701,354,258
2153-0,781,354,303
2154-0,690,354,258
2155-0,690,354,258
2156-0,690,354,258
2157-0,690,354,258
2158-0,690,357,258
2159-0,690,354,258
2160-0,602,354,258

Mejores:
0,701,354,258
0,690,354,258



------------------ GENERACIÓN 180 ----------------- 

2161-0,701,354,258
2162-0,690,354,258
2163-0,701,354,258
2164-0,602,354,258
2165-0,602,354,258
2166-0,701,354,258
2167-0,781,354,258
2168-0,701,354,258
2169-0,781,354,303
2170-0,602,354,258
2171-0,690,354,258
2172-0,701,354,258

Mejores:
0,602,354,258
0,781,354,258



------------------ GENERACIÓN 181 ----------------- 

2173-0,602,354,258
2174-0,781,354,258
2175-0,690,354,258
2176-0,602,354,258
2177-0,801,354,258
2178-0,701,354,258
2179-0,690,354,258
2180-0,701,354,258
2181-0,602,354,258
2182-0,701,354,258
2183-0,602,354,258
2184-0,602,354,258

Mejores:
0,690,354,258
0,602,354,258



