
------------------ GENERACIÓN 0 ----------------- 

1-0,1000,0,0
2-250,500,50,200
3-100,100,700,100
4-200,100,600,100
5-100,50,50,800
6-300,100,300,300
7-100,400,100,400
8-1000,0,0,0
9-50,900,10,40
10-0,100,400,500
11-700,0,100,200
12-250,250,250,250

Mejores:
250,250,250,250
0,1000,0,0



------------------ GENERACIÓN 1 ----------------- 

13-261,11,709,236
14-36,268,624,268
15-457,788,100,200
16-0,100,400,100
17-378,257,105,879
18-250,250,250,250
19-120,908,874,163
20-28,309,206,327
21-0,1000,0,0
22-250,500,50,200
23-200,100,600,100
24-261,11,709,236

Mejores:
261,11,709,236
36,268,624,268



------------------ GENERACIÓN 2 ----------------- 

25-261,11,709,236
26-36,268,624,268
27-261,11,709,236
28-51,337,278,17
29-457,788,100,200
30-0,1000,624,0
31-0,100,400,100
32-378,257,105,879
33-250,250,250,250
34-100,196,806,61
35-517,349,725,172
36-261,11,709,236

Mejores:
261,11,709,236
36,268,624,268



------------------ GENERACIÓN 3 ----------------- 

37-261,11,709,236
38-36,268,624,268
39-261,11,709,236
40-261,11,709,236
41-0,100,400,17
42-100,196,529,61
43-51,337,278,17
44-457,788,100,200
45-261,11,709,200
46-298,155,770,355
47-74,684,523,92
48-261,11,709,236

Mejores:
261,11,709,236
36,268,624,268



------------------ GENERACIÓN 4 ----------------- 

49-261,11,709,236
50-36,268,624,268
51-261,11,709,236
52-261,11,709,236
53-261,11,709,236
54-0,100,400,17
55-100,196,529,61
56-51,337,278,17
57-457,788,100,200
58-101,892,645,398
59-261,11,709,200
60-261,11,709,236

Mejores:
261,11,709,236
36,268,624,268



------------------ GENERACIÓN 5 ----------------- 

61-261,11,709,236
62-36,268,624,268
63-261,11,709,236
64-261,11,709,236
65-261,11,709,236
66-261,11,709,236
67-261,11,709,236
68-261,11,709,236
69-254,196,703,178
70-0,100,400,17
71-100,196,529,61
72-261,11,709,236

Mejores:
261,11,709,236
36,268,624,268



------------------ GENERACIÓN 6 ----------------- 

73-352,73,896,301
74-261,11,709,236
75-36,268,624,268
76-261,11,709,236
77-261,11,709,236
78-261,11,709,236
79-261,11,709,236
80-261,11,709,236
81-261,11,709,236
82-36,268,624,268
83-261,11,709,236
84-352,73,896,301

Mejores:
352,73,896,301
261,11,709,236



------------------ GENERACIÓN 7 ----------------- 

85-36,268,624,134
86-23,347,455,209
87-352,73,896,301
88-352,73,896,301
89-261,11,709,236
90-36,268,624,268
91-261,11,709,236
92-261,11,709,236
93-261,11,709,236
94-261,11,709,236
95-261,11,709,236
96-36,268,624,134

Mejores:
36,268,624,134
23,347,455,209



------------------ GENERACIÓN 8 ----------------- 

97-36,268,624,134
98-23,347,455,209
99-36,268,624,134
100-352,73,896,301
101-352,73,896,301
102-261,11,709,236
103-36,268,624,268
104-261,11,709,236
105-261,11,709,236
106-261,11,709,236
107-261,11,709,236
108-36,268,624,134

Mejores:
36,268,624,134
23,347,455,209



------------------ GENERACIÓN 9 ----------------- 

109-162,176,531,403
110-36,268,624,134
111-23,347,455,209
112-36,268,624,134
113-36,268,624,134
114-352,73,896,301
115-352,73,896,301
116-261,11,709,236
117-36,268,624,268
118-261,11,709,236
119-261,11,709,236
120-162,176,531,403

Mejores:
162,176,531,403
36,268,624,134



------------------ GENERACIÓN 10 ----------------- 

121-162,218,531,403
122-51,346,689,228
123-162,176,531,403
124-162,176,531,403
125-36,268,624,134
126-23,347,455,209
127-36,268,624,134
128-36,268,624,134
129-352,73,896,301
130-352,73,896,301
131-261,11,709,236
132-162,218,531,403

Mejores:
162,218,531,403
51,346,689,228



------------------ GENERACIÓN 11 ----------------- 

133-162,176,531,403
134-23,347,455,209
135-162,218,531,630
136-162,218,531,403
137-51,346,689,228
138-162,218,531,403
139-162,176,531,403
140-162,176,531,403
141-36,268,624,134
142-23,347,455,209
143-36,268,624,134
144-162,176,531,403

Mejores:
162,176,531,403
23,347,455,209



------------------ GENERACIÓN 12 ----------------- 

145-162,218,531,630
146-162,176,531,403
147-162,176,531,403
148-162,258,531,403
149-36,268,931,134
150-320,125,713,316
151-162,176,531,403
152-23,347,455,209
153-162,218,531,630
154-162,176,531,403
155-162,218,531,403
156-162,218,531,630

Mejores:
162,218,531,630
162,176,531,403



------------------ GENERACIÓN 13 ----------------- 

157-162,258,531,403
158-162,218,531,403
159-162,258,531,403
160-162,218,531,403
161-338,334,707,270
162-162,218,531,630
163-162,176,531,403
164-162,176,531,403
165-162,258,531,403
166-36,268,931,134
167-320,125,713,316
168-162,258,531,403

Mejores:
162,258,531,403
162,218,531,403



------------------ GENERACIÓN 14 ----------------- 

169-162,218,531,630
170-162,218,931,134
171-162,218,531,403
172-162,258,531,423
173-216,310,678,204
174-162,258,531,403
175-162,218,531,403
176-162,258,531,403
177-162,218,531,403
178-338,334,707,270
179-162,258,531,403
180-162,218,531,630

Mejores:
162,218,531,630
162,218,931,134



------------------ GENERACIÓN 15 ----------------- 

181-162,218,531,403
182-162,258,531,403
183-162,218,531,403
184-162,258,531,403
185-162,258,531,172
186-162,218,531,630
187-162,218,931,134
188-162,218,531,403
189-162,258,531,423
190-216,310,678,204
191-162,218,531,630
192-162,218,531,403

Mejores:
162,218,531,403
162,258,531,403



------------------ GENERACIÓN 16 ----------------- 

193-162,218,531,403
194-162,218,531,403
195-162,218,531,423
196-162,258,678,204
197-162,218,531,534
198-45,204,359,347
199-162,218,531,403
200-162,258,531,403
201-162,218,531,403
202-162,258,531,403
203-162,258,531,172
204-162,218,531,403

Mejores:
162,218,531,403
162,218,531,403



------------------ GENERACIÓN 17 ----------------- 

205-162,258,531,403
206-162,258,531,172
207-162,218,531,423
208-162,218,531,403
209-162,218,531,403
210-162,218,531,423
211-162,258,678,204
212-162,218,531,534
213-45,204,359,347
214-162,218,531,403
215-162,218,531,403
216-162,258,531,403

Mejores:
162,258,531,403
162,258,531,172



------------------ GENERACIÓN 18 ----------------- 

217-162,258,531,403
218-162,218,531,423
219-162,258,531,403
220-162,258,678,204
221-162,216,531,403
222-162,258,531,403
223-162,258,531,172
224-162,218,531,423
225-162,258,531,403
226-162,218,531,403
227-162,218,531,403
228-162,258,531,403

Mejores:
162,258,531,403
162,218,531,423



------------------ GENERACIÓN 19 ----------------- 

229-162,258,531,172
230-162,216,531,403
231-162,218,531,423
232-162,258,531,403
233-186,216,531,403
234-222,76,634,486
235-162,258,531,403
236-162,218,531,423
237-162,258,531,403
238-162,258,678,204
239-162,216,531,403
240-162,258,531,172

Mejores:
162,258,531,172
162,216,531,403



------------------ GENERACIÓN 20 ----------------- 

241-162,258,531,403
242-162,216,531,403
243-186,258,531,172
244-162,258,531,172
245-87,154,380,591
246-162,258,531,172
247-162,216,531,403
248-162,218,531,423
249-162,258,531,403
250-186,216,531,403
251-222,76,634,486
252-162,258,531,403

Mejores:
162,258,531,403
162,216,531,403



------------------ GENERACIÓN 21 ----------------- 

253-162,258,531,172
254-162,258,531,172
255-162,216,531,403
256-87,154,380,682
257-162,258,531,403
258-162,216,531,403
259-186,258,531,172
260-162,258,531,172
261-87,154,380,591
262-162,258,531,403
263-162,258,531,172
264-162,258,531,172

Mejores:
162,258,531,172
162,258,531,172



------------------ GENERACIÓN 22 ----------------- 

265-162,258,531,591
266-162,258,531,172
267-162,258,531,172
268-162,258,531,403
269-293,362,701,270
270-43,84,452,8
271-56,124,459,544
272-162,258,531,172
273-162,258,531,172
274-162,216,531,403
275-87,154,380,682
276-162,258,531,591

Mejores:
162,258,531,591
162,258,531,172



------------------ GENERACIÓN 23 ----------------- 

277-162,258,531,591
278-162,258,531,172
279-162,258,531,172
280-162,258,531,403
281-293,362,701,270
282-43,84,452,8
283-56,124,459,544
284-162,258,531,591
285-162,258,531,172
286-162,258,531,172
287-162,216,531,403
288-162,258,531,591

Mejores:
162,258,531,591
162,258,531,172



------------------ GENERACIÓN 24 ----------------- 

289-162,258,531,591
290-162,258,531,172
291-162,258,531,172
292-162,258,531,403
293-293,362,701,270
294-43,84,452,8
295-56,124,459,544
296-162,258,531,591
297-162,258,531,591
298-162,258,531,172
299-162,258,531,172
300-162,258,531,591

Mejores:
162,258,531,591
162,258,531,172



------------------ GENERACIÓN 25 ----------------- 

301-162,258,531,591
302-162,258,531,172
303-162,258,531,172
304-162,258,531,403
305-293,362,701,270
306-43,84,452,8
307-56,124,459,544
308-162,258,531,591
309-162,258,531,591
310-162,258,531,591
311-162,258,531,172
312-162,258,531,591

Mejores:
162,258,531,591
162,258,531,172



------------------ GENERACIÓN 26 ----------------- 

313-162,258,531,591
314-162,258,531,172
315-162,258,531,172
316-162,258,531,403
317-293,362,701,270
318-43,84,452,8
319-56,124,459,544
320-162,258,531,591
321-162,258,531,591
322-162,258,531,591
323-162,258,531,591
324-162,258,531,591

Mejores:
162,258,531,591
162,258,531,172



------------------ GENERACIÓN 27 ----------------- 

325-162,258,531,591
326-162,258,531,172
327-162,258,531,172
328-162,258,531,403
329-293,362,701,270
330-43,84,452,8
331-56,124,459,544
332-162,258,531,591
333-162,258,531,591
334-162,258,531,591
335-162,258,531,591
336-162,258,531,591

Mejores:
162,258,531,591
162,258,531,172



------------------ GENERACIÓN 28 ----------------- 

337-162,258,531,591
338-162,258,531,172
339-162,258,531,172
340-162,258,531,403
341-293,362,701,270
342-43,84,452,8
343-56,124,459,544
344-162,258,531,591
345-162,258,531,591
346-162,258,531,591
347-162,258,531,591
348-162,258,531,591

Mejores:
162,258,531,591
162,258,531,172



------------------ GENERACIÓN 29 ----------------- 

349-162,258,531,591
350-162,258,531,172
351-162,258,531,172
352-162,258,531,403
353-293,362,701,270
354-43,84,452,8
355-56,124,459,544
356-162,258,531,591
357-162,258,531,591
358-162,258,531,591
359-162,258,531,591
360-162,258,531,591

Mejores:
162,258,531,591
162,258,531,172



------------------ GENERACIÓN 30 ----------------- 

361-162,258,866,172
362-162,258,531,591
363-162,258,531,172
364-162,258,531,172
365-162,258,531,403
366-293,362,701,270
367-43,84,452,8
368-56,124,459,544
369-162,258,531,591
370-162,258,531,591
371-162,258,531,591
372-162,258,866,172

Mejores:
162,258,866,172
162,258,531,591



------------------ GENERACIÓN 31 ----------------- 

373-43,258,866,172
374-162,258,866,172
375-162,258,866,172
376-162,258,531,591
377-162,258,531,172
378-162,258,531,172
379-162,258,531,403
380-293,362,701,270
381-43,84,452,8
382-56,124,459,544
383-162,258,531,591
384-43,258,866,172

Mejores:
43,258,866,172
162,258,866,172



------------------ GENERACIÓN 32 ----------------- 

385-43,258,866,172
386-43,258,866,172
387-162,258,866,172
388-162,258,866,172
389-162,258,531,591
390-162,258,531,172
391-162,258,531,172
392-162,258,531,403
393-293,362,701,270
394-43,84,452,8
395-56,124,459,544
396-43,258,866,172

Mejores:
43,258,866,172
43,258,866,172



------------------ GENERACIÓN 33 ----------------- 

397-43,258,866,172
398-43,258,866,172
399-43,258,866,172
400-162,258,866,172
401-162,258,866,172
402-162,258,531,591
403-162,258,531,172
404-162,258,531,172
405-162,258,531,403
406-293,362,701,270
407-43,84,452,8
408-43,258,866,172

Mejores:
43,258,866,172
43,258,866,172



------------------ GENERACIÓN 34 ----------------- 

409-108,196,769,101
410-43,258,866,172
411-43,258,866,172
412-43,258,866,172
413-43,258,866,172
414-162,258,866,172
415-162,258,866,172
416-162,258,531,591
417-162,258,531,172
418-162,258,531,172
419-162,258,531,403
420-108,196,769,101

Mejores:
108,196,769,101
43,258,866,172



------------------ GENERACIÓN 35 ----------------- 

421-43,258,866,172
422-43,258,866,172
423-297,320,966,351
424-108,196,769,101
425-108,196,769,101
426-43,258,866,172
427-43,258,866,172
428-43,258,866,172
429-43,258,866,172
430-162,258,866,172
431-162,258,866,172
432-43,258,866,172

Mejores:
43,258,866,172
43,258,866,172



------------------ GENERACIÓN 36 ----------------- 

433-43,258,866,172
434-236,349,863,278
435-43,258,866,172
436-43,258,866,172
437-297,320,966,351
438-43,258,866,172
439-108,196,769,101
440-108,196,769,101
441-43,258,866,172
442-43,258,866,172
443-43,258,866,172
444-43,258,866,172

Mejores:
43,258,866,172
236,349,863,278



------------------ GENERACIÓN 37 ----------------- 

445-43,258,866,172
446-236,38,863,278
447-43,258,866,172
448-236,349,863,278
449-43,258,866,172
450-43,258,866,172
451-43,258,866,172
452-297,320,966,351
453-43,258,866,172
454-108,196,769,101
455-108,196,769,101
456-43,258,866,172

Mejores:
43,258,866,172
236,38,863,278



------------------ GENERACIÓN 38 ----------------- 

457-43,258,866,172
458-233,457,784,282
459-43,258,866,172
460-236,38,863,278
461-43,258,866,172
462-43,258,866,172
463-236,349,863,278
464-43,258,866,172
465-43,258,866,172
466-43,258,866,172
467-297,320,966,351
468-43,258,866,172

Mejores:
43,258,866,172
233,457,784,282



------------------ GENERACIÓN 39 ----------------- 

469-43,258,866,172
470-43,258,866,172
471-43,258,866,172
472-67,437,929,45
473-43,258,866,172
474-233,457,784,282
475-43,258,866,172
476-43,258,866,172
477-236,38,863,278
478-43,258,866,172
479-43,258,866,172
480-43,258,866,172

Mejores:
43,258,866,172
43,258,866,172



------------------ GENERACIÓN 40 ----------------- 

481-43,258,866,172
482-43,258,866,172
483-43,258,866,172
484-60,329,739,307
485-43,258,866,172
486-43,258,866,172
487-43,258,866,172
488-67,437,929,45
489-43,258,866,172
490-43,258,866,172
491-233,457,784,282
492-43,258,866,172

Mejores:
43,258,866,172
43,258,866,172



------------------ GENERACIÓN 41 ----------------- 

493-43,258,866,172
494-60,329,739,307
495-43,258,866,172
496-43,258,866,172
497-43,258,866,172
498-60,329,739,307
499-43,258,866,172
500-43,258,866,172
501-43,258,866,172
502-43,258,866,172
503-67,437,929,45
504-43,258,866,172

Mejores:
43,258,866,172
60,329,739,307



------------------ GENERACIÓN 42 ----------------- 

505-43,329,739,307
506-43,258,866,172
507-43,258,866,172
508-43,258,866,172
509-268,175,773,316
510-43,258,866,172
511-60,329,739,307
512-43,258,866,172
513-43,258,866,172
514-43,258,866,172
515-43,258,866,172
516-43,329,739,307

Mejores:
43,329,739,307
43,258,866,172



------------------ GENERACIÓN 43 ----------------- 

517-43,258,866,172
518-43,258,866,172
519-259,393,667,105
520-43,329,739,307
521-43,258,866,172
522-43,258,866,172
523-43,258,866,172
524-268,175,773,316
525-43,329,739,307
526-43,258,866,172
527-60,329,739,307
528-43,258,866,172

Mejores:
43,258,866,172
43,258,866,172



------------------ GENERACIÓN 44 ----------------- 

529-43,258,866,172
530-43,258,866,172
531-43,258,866,172
532-966,430,788,9
533-43,258,866,172
534-43,258,866,172
535-259,393,667,105
536-43,258,866,172
537-43,329,739,307
538-43,258,866,172
539-43,258,866,172
540-43,258,866,172

Mejores:
43,258,866,172
43,258,866,172



------------------ GENERACIÓN 45 ----------------- 

541-43,258,866,172
542-43,329,739,307
543-43,258,882,172
544-94,381,923,116
545-43,258,866,172
546-43,258,866,172
547-43,258,866,172
548-966,430,788,9
549-43,258,866,172
550-43,258,866,172
551-43,258,866,172
552-43,258,866,172

Mejores:
43,258,866,172
43,329,739,307



------------------ GENERACIÓN 46 ----------------- 

553-43,258,866,172
554-43,329,739,307
555-43,258,882,172
556-94,381,923,116
557-43,258,866,172
558-43,258,866,172
559-43,258,866,172
560-43,258,866,172
561-966,430,788,9
562-43,258,866,172
563-43,258,866,172
564-43,258,866,172

Mejores:
43,258,866,172
43,329,739,307



------------------ GENERACIÓN 47 ----------------- 

565-43,258,866,172
566-43,329,739,307
567-43,258,882,172
568-94,381,923,116
569-43,258,866,172
570-43,258,866,172
571-43,258,866,172
572-43,258,866,172
573-43,258,866,172
574-966,430,788,9
575-43,258,866,172
576-43,258,866,172

Mejores:
43,258,866,172
43,329,739,307



------------------ GENERACIÓN 48 ----------------- 

577-43,258,866,172
578-43,329,739,307
579-43,258,882,172
580-94,381,923,116
581-43,258,866,172
582-43,258,866,172
583-43,258,866,172
584-43,258,866,172
585-43,258,866,172
586-43,258,866,172
587-966,430,788,9
588-43,258,866,172

Mejores:
43,258,866,172
43,329,739,307



------------------ GENERACIÓN 49 ----------------- 

589-43,381,923,116
590-43,258,866,172
591-43,329,739,307
592-43,258,882,172
593-94,381,923,116
594-43,258,866,172
595-43,258,866,172
596-43,258,866,172
597-43,258,866,172
598-43,258,866,172
599-43,258,866,172
600-43,381,923,116

Mejores:
43,381,923,116
43,258,866,172



------------------ GENERACIÓN 50 ----------------- 

601-43,381,923,116
602-43,381,923,116
603-43,258,866,172
604-43,329,739,307
605-43,258,882,172
606-94,381,923,116
607-43,258,866,172
608-43,258,866,172
609-43,258,866,172
610-43,258,866,172
611-43,258,866,172
612-43,381,923,116

Mejores:
43,381,923,116
43,381,923,116



------------------ GENERACIÓN 51 ----------------- 

613-43,258,882,116
614-43,381,923,116
615-43,381,923,116
616-43,381,923,116
617-43,381,923,116
618-43,381,923,116
619-43,258,866,172
620-43,329,739,307
621-43,258,882,172
622-94,381,923,116
623-43,258,866,172
624-43,258,882,116

Mejores:
43,258,882,116
43,381,923,116



------------------ GENERACIÓN 52 ----------------- 

625-43,381,923,116
626-43,258,923,116
627-198,499,827,257
628-43,258,882,116
629-43,381,923,116
630-43,381,923,116
631-43,258,882,116
632-43,381,923,116
633-43,381,923,116
634-43,381,923,116
635-43,258,866,172
636-43,381,923,116

Mejores:
43,381,923,116
43,258,923,116



------------------ GENERACIÓN 53 ----------------- 

637-43,258,923,116
638-43,381,923,116
639-43,381,923,116
640-43,258,923,116
641-198,499,827,257
642-43,381,923,116
643-43,258,882,116
644-43,381,923,116
645-43,381,923,116
646-43,258,882,116
647-43,381,923,116
648-43,258,923,116

Mejores:
43,258,923,116
43,381,923,116



------------------ GENERACIÓN 54 ----------------- 

649-43,381,923,116
650-43,258,923,116
651-43,381,923,116
652-43,258,923,116
653-43,258,447,116
654-43,258,923,116
655-43,381,923,116
656-43,258,923,116
657-43,381,923,116
658-43,258,923,116
659-198,499,827,257
660-43,381,923,116

Mejores:
43,381,923,116
43,258,923,116



------------------ GENERACIÓN 55 ----------------- 

661-43,258,923,116
662-43,381,923,116
663-43,381,923,116
664-43,258,447,116
665-43,407,923,116
666-43,381,923,116
667-43,258,923,116
668-43,381,923,116
669-43,258,923,116
670-43,258,447,116
671-43,381,923,116
672-43,258,923,116

Mejores:
43,258,923,116
43,381,923,116



------------------ GENERACIÓN 56 ----------------- 

673-43,381,923,116
674-43,258,923,116
675-43,407,923,116
676-43,258,447,116
677-43,258,923,116
678-43,381,923,116
679-43,381,923,116
680-43,258,447,116
681-43,407,923,116
682-43,258,923,116
683-43,381,923,116
684-43,381,923,116

Mejores:
43,381,923,116
43,258,923,116



------------------ GENERACIÓN 57 ----------------- 

685-43,381,923,116
686-43,381,923,116
687-43,381,923,116
688-43,381,923,116
689-43,381,923,116
690-43,258,923,116
691-43,407,923,116
692-43,258,447,116
693-43,381,923,116
694-43,258,923,116
695-43,381,923,116
696-43,381,923,116

Mejores:
43,381,923,116
43,381,923,116



------------------ GENERACIÓN 58 ----------------- 

697-43,258,447,116
698-43,381,923,116
699-43,381,923,116
700-43,381,923,116
701-115,214,679,22
702-118,504,979,51
703-43,381,923,116
704-43,381,923,116
705-43,381,923,116
706-43,381,923,116
707-43,381,923,116
708-43,258,447,116

Mejores:
43,258,447,116
43,381,923,116



------------------ GENERACIÓN 59 ----------------- 

709-43,258,447,116
710-43,381,923,116
711-43,381,923,116
712-43,381,923,116
713-115,214,679,22
714-118,504,979,51
715-43,258,447,116
716-43,381,923,116
717-43,381,923,116
718-43,381,923,116
719-43,381,923,116
720-43,258,447,116

Mejores:
43,258,447,116
43,381,923,116



------------------ GENERACIÓN 60 ----------------- 

721-115,214,521,22
722-43,258,447,116
723-43,381,923,116
724-43,381,923,116
725-43,381,923,116
726-115,214,679,22
727-118,504,979,51
728-43,258,447,116
729-43,258,447,116
730-43,381,923,116
731-43,381,923,116
732-115,214,521,22

Mejores:
115,214,521,22
43,258,447,116



------------------ GENERACIÓN 61 ----------------- 

733-115,214,521,22
734-115,214,521,22
735-115,214,521,22
736-43,258,447,116
737-43,381,923,116
738-43,381,923,116
739-43,381,923,116
740-115,214,679,22
741-118,504,979,51
742-43,258,447,116
743-43,258,447,116
744-115,214,521,22

Mejores:
115,214,521,22
115,214,521,22



------------------ GENERACIÓN 62 ----------------- 

745-115,214,521,22
746-115,214,521,22
747-115,214,521,22
748-115,214,521,22
749-43,258,447,116
750-43,381,923,116
751-43,381,923,116
752-43,381,923,116
753-115,214,679,22
754-118,504,979,51
755-43,258,447,116
756-115,214,521,22

Mejores:
115,214,521,22
115,214,521,22



------------------ GENERACIÓN 63 ----------------- 

757-115,214,521,22
758-115,214,521,22
759-115,214,521,22
760-115,214,521,22
761-115,214,521,22
762-115,214,521,22
763-43,258,447,116
764-43,381,923,116
765-43,381,923,116
766-43,381,923,116
767-115,214,679,22
768-115,214,521,22

Mejores:
115,214,521,22
115,214,521,22



------------------ GENERACIÓN 64 ----------------- 

769-115,258,447,116
770-115,214,521,22
771-115,214,521,22
772-115,214,521,22
773-115,214,521,22
774-115,214,521,22
775-115,214,521,22
776-115,214,521,22
777-115,214,521,22
778-43,258,447,116
779-43,381,923,116
780-115,258,447,116

Mejores:
115,258,447,116
115,214,521,22



------------------ GENERACIÓN 65 ----------------- 

781-43,258,521,22
782-115,214,447,116
783-115,214,521,22
784-115,214,521,22
785-115,692,521,22
786-281,128,711,10
787-115,258,447,116
788-115,214,521,22
789-115,258,447,116
790-115,214,521,22
791-115,214,521,22
792-43,258,521,22

Mejores:
43,258,521,22
115,214,447,116



------------------ GENERACIÓN 66 ----------------- 

793-115,214,521,22
794-115,214,521,22
795-43,258,521,22
796-115,214,447,116
797-115,214,521,22
798-115,214,521,22
799-115,692,521,22
800-281,128,711,10
801-43,258,521,22
802-115,258,447,116
803-115,214,521,22
804-115,214,521,22

Mejores:
115,214,521,22
115,214,521,22



------------------ GENERACIÓN 67 ----------------- 

805-115,214,521,22
806-115,214,521,22
807-115,214,521,22
808-115,513,521,22
809-39,99,463,92
810-115,214,521,22
811-115,214,521,22
812-115,214,521,22
813-43,258,521,22
814-115,214,447,116
815-115,214,521,22
816-115,214,521,22

Mejores:
115,214,521,22
115,214,521,22



------------------ GENERACIÓN 68 ----------------- 

817-115,214,521,22
818-115,214,521,22
819-115,214,521,22
820-115,513,521,22
821-39,99,463,92
822-115,214,521,22
823-115,214,521,22
824-115,214,521,22
825-115,214,521,22
826-43,258,521,22
827-115,214,447,116
828-115,214,521,22

Mejores:
115,214,521,22
115,214,521,22



------------------ GENERACIÓN 69 ----------------- 

829-115,214,521,22
830-115,214,521,22
831-115,214,521,22
832-115,513,521,22
833-39,99,463,92
834-115,214,521,22
835-115,214,521,22
836-115,214,521,22
837-115,214,521,22
838-115,214,521,22
839-43,258,521,22
840-115,214,521,22

Mejores:
115,214,521,22
115,214,521,22



------------------ GENERACIÓN 70 ----------------- 

841-115,214,521,22
842-115,214,521,22
843-115,214,521,22
844-115,513,521,22
845-39,99,463,92
846-115,214,521,22
847-115,214,521,22
848-115,214,521,22
849-115,214,521,22
850-115,214,521,22
851-115,214,521,22
852-115,214,521,22

Mejores:
115,214,521,22
115,214,521,22



------------------ GENERACIÓN 71 ----------------- 

853-115,214,463,92
854-65,283,366,217
855-19,707,647,88
856-115,214,521,22
857-115,214,521,22
858-115,214,521,22
859-115,513,521,22
860-39,99,463,92
861-115,214,521,22
862-115,214,521,22
863-115,214,521,22
864-115,214,463,92

Mejores:
115,214,463,92
65,283,366,217



------------------ GENERACIÓN 72 ----------------- 

865-115,214,463,92
866-65,283,366,217
867-19,707,647,88
868-115,214,463,92
869-115,214,521,22
870-115,214,521,22
871-115,214,521,22
872-115,513,521,22
873-39,99,463,92
874-115,214,521,22
875-115,214,521,22
876-115,214,463,92

Mejores:
115,214,463,92
65,283,366,217



------------------ GENERACIÓN 73 ----------------- 

877-115,214,463,92
878-65,283,366,217
879-19,707,647,88
880-115,214,463,92
881-115,214,463,92
882-115,214,521,22
883-115,214,521,22
884-115,214,521,22
885-115,513,521,22
886-39,99,463,92
887-115,214,521,22
888-115,214,463,92

Mejores:
115,214,463,92
65,283,366,217



------------------ GENERACIÓN 74 ----------------- 

889-115,214,463,92
890-65,283,366,217
891-19,707,647,88
892-115,214,463,92
893-115,214,463,92
894-115,214,463,92
895-115,214,521,22
896-115,214,521,22
897-115,214,521,22
898-115,513,521,22
899-39,99,463,92
900-115,214,463,92

Mejores:
115,214,463,92
65,283,366,217



------------------ GENERACIÓN 75 ----------------- 

901-115,214,463,92
902-65,283,366,217
903-19,707,647,88
904-115,214,463,92
905-115,214,463,92
906-115,214,463,92
907-115,214,463,92
908-115,214,521,22
909-115,214,521,22
910-115,214,521,22
911-115,513,521,22
912-115,214,463,92

Mejores:
115,214,463,92
65,283,366,217



------------------ GENERACIÓN 76 ----------------- 

913-115,707,647,88
914-115,214,463,92
915-65,283,366,217
916-19,707,647,88
917-115,214,463,92
918-115,214,463,92
919-115,214,463,92
920-115,214,463,92
921-115,214,463,92
922-115,214,521,22
923-115,214,521,22
924-115,707,647,88

Mejores:
115,707,647,88
115,214,463,92



------------------ GENERACIÓN 77 ----------------- 

925-19,707,647,88
926-115,214,808,22
927-115,630,647,88
928-115,707,647,88
929-115,707,647,88
930-115,214,463,92
931-65,283,366,217
932-19,707,647,88
933-115,214,463,92
934-115,214,463,92
935-115,214,463,92
936-19,707,647,88

Mejores:
19,707,647,88
115,214,808,22



------------------ GENERACIÓN 78 ----------------- 

937-234,494,757,201
938-19,707,647,88
939-115,214,808,22
940-115,630,647,88
941-19,707,647,88
942-115,707,647,88
943-115,707,647,88
944-115,214,463,92
945-65,283,366,217
946-19,707,647,88
947-115,214,463,92
948-234,494,757,201

Mejores:
234,494,757,201
19,707,647,88



------------------ GENERACIÓN 79 ----------------- 

949-19,707,808,22
950-234,494,757,201
951-234,494,757,201
952-19,707,647,88
953-115,214,808,22
954-115,630,647,88
955-19,707,647,88
956-115,707,647,88
957-115,707,647,88
958-115,214,463,92
959-65,283,366,217
960-19,707,808,22

Mejores:
19,707,808,22
234,494,757,201



------------------ GENERACIÓN 80 ----------------- 

961-19,707,808,22
962-19,707,808,22
963-234,494,757,201
964-234,494,757,201
965-19,707,647,88
966-115,214,808,22
967-115,630,647,88
968-19,707,647,88
969-115,707,647,88
970-115,707,647,88
971-115,214,463,92
972-19,707,808,22

Mejores:
19,707,808,22
19,707,808,22



------------------ GENERACIÓN 81 ----------------- 

973-19,707,808,22
974-19,707,808,22
975-19,707,808,22
976-234,494,757,201
977-234,494,757,201
978-19,707,647,88
979-115,214,808,22
980-115,630,647,88
981-19,707,647,88
982-115,707,647,88
983-115,707,647,88
984-19,707,808,22

Mejores:
19,707,808,22
19,707,808,22



------------------ GENERACIÓN 82 ----------------- 

985-19,707,808,22
986-19,707,808,22
987-19,707,808,22
988-19,707,808,22
989-234,494,757,201
990-234,494,757,201
991-19,707,647,88
992-115,214,808,22
993-115,630,647,88
994-19,707,647,88
995-115,707,647,88
996-19,707,808,22

Mejores:
19,707,808,22
19,707,808,22



------------------ GENERACIÓN 83 ----------------- 

997-19,707,808,22
998-19,707,808,22
999-19,707,808,22
1000-19,707,808,22
1001-19,707,808,22
1002-234,494,757,201
1003-234,494,757,201
1004-19,707,647,88
1005-115,214,808,22
1006-115,630,647,88
1007-19,707,647,88
1008-19,707,808,22

Mejores:
19,707,808,22
19,707,808,22



------------------ GENERACIÓN 84 ----------------- 

1009-19,707,808,22
1010-19,707,808,22
1011-19,707,808,22
1012-19,707,808,22
1013-19,707,808,22
1014-19,707,808,22
1015-234,494,757,201
1016-234,494,757,201
1017-19,707,647,88
1018-115,214,808,22
1019-115,630,647,88
1020-19,707,808,22

Mejores:
19,707,808,22
19,707,808,22



------------------ GENERACIÓN 85 ----------------- 

1021-133,619,957,132
1022-19,707,808,22
1023-19,707,808,22
1024-19,707,808,22
1025-19,707,808,22
1026-19,707,808,22
1027-19,707,808,22
1028-19,707,808,22
1029-234,494,757,201
1030-234,494,757,201
1031-19,707,647,88
1032-133,619,957,132

Mejores:
133,619,957,132
19,707,808,22



------------------ GENERACIÓN 86 ----------------- 

1033-133,684,957,132
1034-133,619,957,132
1035-133,619,957,132
1036-19,707,808,22
1037-19,707,808,22
1038-19,707,808,22
1039-19,707,808,22
1040-19,707,808,22
1041-19,707,808,22
1042-19,707,808,22
1043-234,494,757,201
1044-133,684,957,132

Mejores:
133,684,957,132
133,619,957,132



------------------ GENERACIÓN 87 ----------------- 

1045-133,619,957,132
1046-133,684,957,132
1047-133,684,957,132
1048-133,619,957,132
1049-133,619,957,132
1050-19,707,808,22
1051-19,707,808,22
1052-19,707,808,22
1053-19,707,808,22
1054-19,707,808,22
1055-19,707,808,22
1056-133,619,957,132

Mejores:
133,619,957,132
133,684,957,132



------------------ GENERACIÓN 88 ----------------- 

1057-19,619,957,132
1058-133,707,808,22
1059-59,804,888,487
1060-83,550,903,87
1061-133,619,957,132
1062-133,619,957,132
1063-133,684,957,132
1064-133,684,957,132
1065-133,619,957,132
1066-133,619,957,132
1067-19,707,808,22
1068-19,619,957,132

Mejores:
19,619,957,132
133,707,808,22



------------------ GENERACIÓN 89 ----------------- 

1069-19,619,957,132
1070-133,707,808,22
1071-59,804,888,487
1072-83,550,903,87
1073-19,619,957,132
1074-133,619,957,132
1075-133,619,957,132
1076-133,684,957,132
1077-133,684,957,132
1078-133,619,957,132
1079-133,619,957,132
1080-19,619,957,132

Mejores:
19,619,957,132
133,707,808,22



------------------ GENERACIÓN 90 ----------------- 

1081-19,619,957,132
1082-133,707,808,22
1083-59,804,888,487
1084-83,550,903,87
1085-19,619,957,132
1086-19,619,957,132
1087-133,619,957,132
1088-133,619,957,132
1089-133,684,957,132
1090-133,684,957,132
1091-133,619,957,132
1092-19,619,957,132

Mejores:
19,619,957,132
133,707,808,22



------------------ GENERACIÓN 91 ----------------- 

1093-19,619,957,132
1094-133,707,808,22
1095-59,804,888,487
1096-83,550,903,87
1097-19,619,957,132
1098-19,619,957,132
1099-19,619,957,132
1100-133,619,957,132
1101-133,619,957,132
1102-133,684,957,132
1103-133,684,957,132
1104-19,619,957,132

Mejores:
19,619,957,132
133,707,808,22



------------------ GENERACIÓN 92 ----------------- 

1105-19,619,957,132
1106-133,707,808,22
1107-59,804,888,487
1108-83,550,903,87
1109-19,619,957,132
1110-19,619,957,132
1111-19,619,957,132
1112-19,619,957,132
1113-133,619,957,132
1114-133,619,957,132
1115-133,684,957,132
1116-19,619,957,132

Mejores:
19,619,957,132
133,707,808,22



------------------ GENERACIÓN 93 ----------------- 

1117-19,619,957,132
1118-133,707,808,22
1119-59,804,888,487
1120-83,550,903,87
1121-19,619,957,132
1122-19,619,957,132
1123-19,619,957,132
1124-19,619,957,132
1125-19,619,957,132
1126-133,619,957,132
1127-133,619,957,132
1128-19,619,957,132

Mejores:
19,619,957,132
133,707,808,22



------------------ GENERACIÓN 94 ----------------- 

1129-19,619,957,132
1130-133,707,808,22
1131-59,804,888,487
1132-83,550,903,87
1133-19,619,957,132
1134-19,619,957,132
1135-19,619,957,132
1136-19,619,957,132
1137-19,619,957,132
1138-19,619,957,132
1139-133,619,957,132
1140-19,619,957,132

Mejores:
19,619,957,132
133,707,808,22



------------------ GENERACIÓN 95 ----------------- 

1141-83,550,903,1
1142-19,286,957,132
1143-19,619,957,132
1144-133,707,808,22
1145-59,804,888,487
1146-83,550,903,87
1147-19,619,957,132
1148-19,619,957,132
1149-19,619,957,132
1150-19,619,957,132
1151-19,619,957,132
1152-83,550,903,1

Mejores:
83,550,903,1
19,286,957,132



------------------ GENERACIÓN 96 ----------------- 

1153-83,550,903,1
1154-83,550,903,1
1155-19,286,957,132
1156-83,550,903,1
1157-19,619,957,132
1158-133,707,808,22
1159-59,804,888,487
1160-83,550,903,87
1161-19,619,957,132
1162-19,619,957,132
1163-19,619,957,132
1164-83,550,903,1

Mejores:
83,550,903,1
83,550,903,1



------------------ GENERACIÓN 97 ----------------- 

1165-133,550,903,1
1166-83,550,903,1
1167-83,550,903,1
1168-83,550,903,1
1169-83,550,903,1
1170-19,286,957,132
1171-83,550,903,1
1172-19,619,957,132
1173-133,707,808,22
1174-59,804,888,487
1175-83,550,903,87
1176-133,550,903,1

Mejores:
133,550,903,1
83,550,903,1



------------------ GENERACIÓN 98 ----------------- 

1177-83,550,903,1
1178-83,550,903,87
1179-83,550,903,1
1180-83,550,903,87
1181-133,550,903,1
1182-83,550,903,1
1183-133,550,903,1
1184-83,550,903,1
1185-83,550,903,1
1186-83,550,903,1
1187-19,286,957,132
1188-83,550,903,1

Mejores:
83,550,903,1
83,550,903,87



------------------ GENERACIÓN 99 ----------------- 

1189-83,550,903,87
1190-83,550,903,1
1191-83,550,903,87
1192-133,550,903,1
1193-83,550,903,1
1194-83,550,903,87
1195-83,550,903,1
1196-83,550,903,87
1197-83,550,903,1
1198-133,550,903,1
1199-83,550,903,1
1200-83,550,903,87

Mejores:
83,550,903,87
83,550,903,1



------------------ GENERACIÓN 100 ----------------- 

1201-83,550,903,1
1202-83,550,903,87
1203-83,550,903,1
1204-133,550,903,1
1205-83,68,790,1
1206-31,651,736,138
1207-83,550,903,87
1208-83,550,903,1
1209-83,550,903,87
1210-133,550,903,1
1211-83,550,903,87
1212-83,550,903,1

Mejores:
83,550,903,1
83,550,903,87



------------------ GENERACIÓN 101 ----------------- 

1213-83,550,903,1
1214-83,550,903,87
1215-83,550,903,1
1216-133,550,903,1
1217-83,68,790,1
1218-31,651,736,138
1219-83,550,903,1
1220-83,550,903,87
1221-83,550,903,1
1222-83,550,903,87
1223-133,550,903,1
1224-83,550,903,1

Mejores:
83,550,903,1
83,550,903,87



------------------ GENERACIÓN 102 ----------------- 

1225-83,550,903,1
1226-83,550,903,87
1227-83,550,903,1
1228-133,550,903,1
1229-83,68,790,1
1230-31,651,736,138
1231-83,550,903,1
1232-83,550,903,1
1233-83,550,903,87
1234-83,550,903,1
1235-83,550,903,87
1236-83,550,903,1

Mejores:
83,550,903,1
83,550,903,87



------------------ GENERACIÓN 103 ----------------- 

1237-31,550,903,1
1238-83,651,736,138
1239-39,638,700,173
1240-83,550,903,1
1241-83,550,903,87
1242-83,550,903,1
1243-133,550,903,1
1244-83,68,790,1
1245-31,651,736,138
1246-83,550,903,1
1247-83,550,903,1
1248-31,550,903,1

Mejores:
31,550,903,1
83,651,736,138



------------------ GENERACIÓN 104 ----------------- 

1249-83,550,736,138
1250-31,651,903,1
1251-31,550,903,1
1252-31,550,903,1
1253-83,651,736,138
1254-39,638,700,173
1255-31,550,903,1
1256-83,550,903,1
1257-83,550,903,87
1258-83,550,903,1
1259-133,550,903,1
1260-83,550,736,138

Mejores:
83,550,736,138
31,651,903,1



------------------ GENERACIÓN 105 ----------------- 

1261-83,550,736,138
1262-31,651,903,1
1263-83,550,903,1
1264-83,550,736,138
1265-31,651,903,1
1266-31,550,903,1
1267-83,550,736,138
1268-31,550,903,1
1269-83,651,736,138
1270-39,638,700,173
1271-31,550,903,1
1272-83,550,736,138

Mejores:
83,550,736,138
31,651,903,1



------------------ GENERACIÓN 106 ----------------- 

1273-83,550,736,138
1274-31,550,736,138
1275-206,727,644,247
1276-160,667,313,109
1277-83,550,736,138
1278-31,651,903,1
1279-83,550,903,1
1280-83,550,736,138
1281-83,550,736,138
1282-31,651,903,1
1283-31,550,903,1
1284-83,550,736,138

Mejores:
83,550,736,138
31,550,736,138



------------------ GENERACIÓN 107 ----------------- 

1285-83,550,903,1
1286-31,550,736,138
1287-83,550,736,138
1288-31,550,736,138
1289-206,727,644,247
1290-160,667,313,109
1291-83,550,736,138
1292-83,550,736,138
1293-31,651,903,1
1294-83,550,903,1
1295-83,550,736,138
1296-83,550,903,1

Mejores:
83,550,903,1
31,550,736,138



------------------ GENERACIÓN 108 ----------------- 

1297-31,550,736,138
1298-31,550,736,138
1299-31,550,903,1
1300-222,639,621,324
1301-83,550,903,1
1302-31,550,736,138
1303-83,550,903,1
1304-83,550,736,138
1305-31,550,736,138
1306-206,727,644,247
1307-160,667,313,109
1308-31,550,736,138

Mejores:
31,550,736,138
31,550,736,138



------------------ GENERACIÓN 109 ----------------- 

1309-31,550,736,138
1310-31,550,736,138
1311-31,711,903,1
1312-31,550,736,138
1313-31,550,736,138
1314-31,550,903,1
1315-222,639,621,324
1316-31,550,736,138
1317-83,550,903,1
1318-31,550,736,138
1319-83,550,903,1
1320-31,550,736,138

Mejores:
31,550,736,138
31,550,736,138



------------------ GENERACIÓN 110 ----------------- 

1321-31,550,736,138
1322-31,550,736,138
1323-31,711,903,1
1324-31,550,736,138
1325-31,550,736,138
1326-31,550,736,138
1327-31,550,903,1
1328-222,639,621,324
1329-31,550,736,138
1330-83,550,903,1
1331-31,550,736,138
1332-31,550,736,138

Mejores:
31,550,736,138
31,550,736,138



------------------ GENERACIÓN 111 ----------------- 

1333-31,550,736,138
1334-31,550,736,138
1335-31,711,903,1
1336-31,550,736,138
1337-31,550,736,138
1338-31,550,736,138
1339-31,550,736,138
1340-31,550,903,1
1341-222,639,621,324
1342-31,550,736,138
1343-83,550,903,1
1344-31,550,736,138

Mejores:
31,550,736,138
31,550,736,138



------------------ GENERACIÓN 112 ----------------- 

1345-183,810,704,935
1346-31,550,736,138
1347-31,550,736,138
1348-31,711,903,1
1349-31,550,736,138
1350-31,550,736,138
1351-31,550,736,138
1352-31,550,736,138
1353-31,550,736,138
1354-31,550,903,1
1355-222,639,621,324
1356-183,810,704,935

Mejores:
183,810,704,935
31,550,736,138



------------------ GENERACIÓN 113 ----------------- 

1357-183,810,704,935
1358-183,810,704,935
1359-31,550,736,138
1360-31,550,736,138
1361-31,711,903,1
1362-31,550,736,138
1363-31,550,736,138
1364-31,550,736,138
1365-31,550,736,138
1366-31,550,736,138
1367-31,550,903,1
1368-183,810,704,935

Mejores:
183,810,704,935
183,810,704,935



------------------ GENERACIÓN 114 ----------------- 

1369-31,550,736,1
1370-31,550,903,1
1371-183,810,704,235
1372-31,30,736,138
1373-289,419,576,309
1374-183,810,704,935
1375-183,810,704,935
1376-183,810,704,935
1377-31,550,736,138
1378-31,550,736,138
1379-31,711,903,1
1380-31,550,736,1

Mejores:
31,550,736,1
31,550,903,1



------------------ GENERACIÓN 115 ----------------- 

1381-31,550,736,1
1382-31,550,903,1
1383-183,810,704,235
1384-31,30,736,138
1385-289,419,576,309
1386-31,550,736,1
1387-183,810,704,935
1388-183,810,704,935
1389-183,810,704,935
1390-31,550,736,138
1391-31,550,736,138
1392-31,550,736,1

Mejores:
31,550,736,1
31,550,903,1



------------------ GENERACIÓN 116 ----------------- 

1393-31,550,736,1
1394-31,550,903,1
1395-183,810,704,235
1396-31,30,736,138
1397-289,419,576,309
1398-31,550,736,1
1399-31,550,736,1
1400-183,810,704,935
1401-183,810,704,935
1402-183,810,704,935
1403-31,550,736,138
1404-31,550,736,1

Mejores:
31,550,736,1
31,550,903,1



------------------ GENERACIÓN 117 ----------------- 

1405-31,550,736,1
1406-31,550,903,1
1407-183,810,704,235
1408-31,30,736,138
1409-289,419,576,309
1410-31,550,736,1
1411-31,550,736,1
1412-31,550,736,1
1413-183,810,704,935
1414-183,810,704,935
1415-183,810,704,935
1416-31,550,736,1

Mejores:
31,550,736,1
31,550,903,1



------------------ GENERACIÓN 118 ----------------- 

1417-31,550,736,1
1418-31,550,903,1
1419-183,810,704,235
1420-31,30,736,138
1421-289,419,576,309
1422-31,550,736,1
1423-31,550,736,1
1424-31,550,736,1
1425-31,550,736,1
1426-183,810,704,935
1427-183,810,704,935
1428-31,550,736,1

Mejores:
31,550,736,1
31,550,903,1



------------------ GENERACIÓN 119 ----------------- 

1429-31,550,518,1
1430-31,550,736,1
1431-31,550,903,1
1432-183,810,704,235
1433-31,30,736,138
1434-289,419,576,309
1435-31,550,736,1
1436-31,550,736,1
1437-31,550,736,1
1438-31,550,736,1
1439-31,550,736,1
1440-31,550,518,1

Mejores:
31,550,518,1
31,550,736,1



------------------ GENERACIÓN 120 ----------------- 

1441-31,550,518,1
1442-289,419,576,309
1443-31,550,518,1
1444-31,550,518,1
1445-31,550,518,1
1446-31,550,736,1
1447-31,550,903,1
1448-183,810,704,235
1449-31,30,736,138
1450-289,419,576,309
1451-31,550,736,1
1452-31,550,518,1

Mejores:
31,550,518,1
289,419,576,309



------------------ GENERACIÓN 121 ----------------- 

1453-31,550,518,1
1454-289,419,576,309
1455-31,550,518,1
1456-31,550,518,1
1457-289,419,576,309
1458-31,550,518,1
1459-31,550,518,1
1460-31,550,518,1
1461-31,550,518,1
1462-31,550,736,1
1463-31,550,903,1
1464-31,550,518,1

Mejores:
31,550,518,1
289,419,576,309



------------------ GENERACIÓN 122 ----------------- 

1465-31,550,518,1
1466-289,550,518,1
1467-31,419,576,309
1468-31,550,518,1
1469-31,550,518,1
1470-31,550,518,301
1471-31,550,518,1
1472-289,419,576,309
1473-31,550,518,1
1474-31,550,518,1
1475-31,550,518,1
1476-31,550,518,1

Mejores:
31,550,518,1
289,550,518,1



------------------ GENERACIÓN 123 ----------------- 

1477-31,550,518,1
1478-289,550,518,1
1479-31,419,576,309
1480-31,550,518,1
1481-31,550,518,1
1482-31,550,518,301
1483-31,550,518,1
1484-31,550,518,1
1485-289,419,576,309
1486-31,550,518,1
1487-31,550,518,1
1488-31,550,518,1

Mejores:
31,550,518,1
289,550,518,1



------------------ GENERACIÓN 124 ----------------- 

1489-31,550,518,1
1490-289,550,518,1
1491-31,419,576,309
1492-31,550,518,1
1493-31,550,518,1
1494-31,550,518,301
1495-31,550,518,1
1496-31,550,518,1
1497-31,550,518,1
1498-289,419,576,309
1499-31,550,518,1
1500-31,550,518,1

Mejores:
31,550,518,1
289,550,518,1



------------------ GENERACIÓN 125 ----------------- 

1501-31,550,518,1
1502-289,550,518,1
1503-31,419,576,309
1504-31,550,518,1
1505-31,550,518,1
1506-31,550,518,301
1507-31,550,518,1
1508-31,550,518,1
1509-31,550,518,1
1510-31,550,518,1
1511-289,419,576,309
1512-31,550,518,1

Mejores:
31,550,518,1
289,550,518,1



------------------ GENERACIÓN 126 ----------------- 

1513-31,550,518,1
1514-289,550,518,1
1515-31,419,576,309
1516-31,550,518,1
1517-31,550,518,1
1518-31,550,518,301
1519-31,550,518,1
1520-31,550,518,1
1521-31,550,518,1
1522-31,550,518,1
1523-31,550,518,1
1524-31,550,518,1

Mejores:
31,550,518,1
289,550,518,1



------------------ GENERACIÓN 127 ----------------- 

1525-31,550,518,1
1526-289,550,518,1
1527-31,419,576,309
1528-31,550,518,1
1529-31,550,518,1
1530-31,550,518,301
1531-31,550,518,1
1532-31,550,518,1
1533-31,550,518,1
1534-31,550,518,1
1535-31,550,518,1
1536-31,550,518,1

Mejores:
31,550,518,1
289,550,518,1



------------------ GENERACIÓN 128 ----------------- 

1537-31,550,518,1
1538-289,550,518,1
1539-31,419,576,309
1540-31,550,518,1
1541-31,550,518,1
1542-31,550,518,301
1543-31,550,518,1
1544-31,550,518,1
1545-31,550,518,1
1546-31,550,518,1
1547-31,550,518,1
1548-31,550,518,1

Mejores:
31,550,518,1
289,550,518,1



------------------ GENERACIÓN 129 ----------------- 

1549-31,550,518,1
1550-289,550,518,1
1551-31,419,576,309
1552-31,550,518,1
1553-31,550,518,1
1554-31,550,518,301
1555-31,550,518,1
1556-31,550,518,1
1557-633,818,178,240
1558-31,550,518,1
1559-648,698,31,48
1560-633,818,178,240

Mejores:
31,550,518,1
289,550,518,1



------------------ GENERACIÓN 130 ----------------- 

1561-31,550,518,1
1562-289,550,518,1
1563-31,419,576,309
1564-648,698,31,48
1565-31,550,518,1
1566-31,550,518,301
1567-648,878,25,6
1568-31,550,518,1
1569-880,904,560,580
1570-633,818,178,240
1571-31,550,518,1
1572-633,818,178,240

Mejores:
31,550,518,1
289,550,518,1




------------------ GENERACIÓN 131 ----------------- 

26-648,698,31,48
27-648,698,31,48
28-868,510,320,402
29-633,698,31,48
30-622,824,549,248
31-622,824,549,248
32-592,629,31,57
33-880,904,560,580
34-880,904,560,580
35-633,818,178,240
36-633,818,178,240
37-648,633,217,31
38-648,633,217,31
39-648,633,866,6
40-648,698,31,48
41-648,698,31,48
Mejores:

648,698,31,48
648,698,31,48


------------------ GENERACIÓN 132 ----------------- 

42-633,698,31,48
43-648,878,25,6
44-648,698,31,48
45-648,698,31,48
46-648,698,31,48
47-633,818,178,240
48-880,633,217,31
49-648,633,217,31
50-868,510,320,402
51-592,629,31,57
52-633,818,178,240
53-648,633,217,31
54-868,510,320,938
55-453,633,519,31
56-633,698,31,48
57-648,878,25,6
Mejores:

633,698,31,48
648,878,25,6


------------------ GENERACIÓN 133 ----------------- 

58-648,878,25,6
59-648,698,31,48
60-648,698,31,48
61-633,698,31,48
62-648,878,25,6
63-648,698,31,48
64-648,698,25,6
65-633,818,178,240
66-880,633,217,31
67-648,633,217,31
68-868,510,320,402
69-592,629,31,57
70-633,818,178,240
71-648,633,217,31
72-648,878,25,6
73-648,698,31,48
74-633,698,31,48
Mejores:

648,878,25,6
648,698,31,48


------------------ GENERACIÓN 134 ----------------- 

75-648,698,31,48
76-633,698,31,48
77-648,878,25,6
78-648,878,25,6
79-648,698,31,48
80-648,698,31,48
81-880,633,178,240
82-633,818,178,240
83-868,510,320,402
84-880,694,217,544
85-648,633,217,934
86-648,698,25,6
87-633,818,178,240
88-880,633,217,31
89-648,698,31,48
90-633,698,31,48
Mejores:

648,698,31,48
633,698,31,48


------------------ GENERACIÓN 135 ----------------- 

91-633,698,31,48
92-648,878,25,6
93-648,878,25,6
94-648,698,31,48
95-648,698,31,48
96-648,698,31,48
97-633,698,31,48
98-880,633,178,240
99-633,818,178,240
100-868,510,320,402
101-880,694,217,544
102-648,633,217,934
103-648,698,890,48
104-648,790,25,6
105-633,698,31,48
106-648,878,25,6
107-648,698,31,48
Mejores:

633,698,31,48
648,878,25,6


------------------ GENERACIÓN 136 ----------------- 

108-648,698,25,6
109-648,979,31,48
110-648,878,25,6
111-648,878,25,6
112-648,878,25,6
113-648,698,31,48
114-648,698,31,48
115-648,698,31,48
116-633,698,31,48
117-633,698,31,48
118-648,878,25,6
119-880,633,178,240
120-633,818,178,240
121-868,510,320,402
122-648,698,25,6
123-648,979,31,48
Mejores:

648,698,25,6
648,979,31,48


------------------ GENERACIÓN 137 ----------------- 

124-648,979,31,48
125-648,878,25,6
126-648,878,25,6
127-648,698,25,6
128-648,979,31,48
129-633,698,25,6
130-648,979,31,48
131-374,831,992,78
132-648,878,25,6
133-648,698,31,48
134-648,698,31,48
135-648,698,31,48
136-633,698,31,48
137-633,698,31,48
138-648,979,31,48
139-648,878,25,6
140-648,698,25,6
Mejores:

648,979,31,48
648,878,25,6


------------------ GENERACIÓN 138 ----------------- 

141-648,878,31,48
142-648,979,31,48
143-648,979,31,48
144-648,979,31,887
145-698,0,6,0
146-979,0,48,0
147-698,0,6,0
148-831,0,78,0
149-366,300,103,519
150-698,0,48,0
151-178,932,129,165
152-698,0,48,0
153-552,87,995,647
154-698,0,48,0
155-648,878,31,48
156-648,979,31,48
Mejores:

648,878,31,48
648,979,31,48


------------------ GENERACIÓN 139 ----------------- 

157-648,979,31,48
158-648,979,31,48
159-648,979,31,887
160-698,0,6,0
161-979,0,48,0
162-698,0,6,0
163-831,0,78,0
164-366,300,103,519
165-698,0,48,0
166-178,932,129,165
167-698,0,48,0
168-552,87,995,647
169-698,0,48,0
170-648,878,31,48
171-648,979,31,48
172-648,979,31,48
173-648,878,31,48
Mejores:

648,979,31,48
648,979,31,48


------------------ GENERACIÓN 140 ----------------- 

174-924,603,361,531
175-648,979,31,887
176-698,0,6,0
177-979,0,48,0
178-698,0,6,0
179-831,0,78,0
180-366,300,103,519
181-698,0,48,0
182-178,932,129,165
183-698,0,48,0
184-552,87,995,647
185-698,0,48,0
186-648,878,31,48
187-648,979,31,48
188-924,603,361,531
189-648,979,31,887
Mejores:

924,603,361,531
648,979,31,887


------------------ GENERACIÓN 141 ----------------- 

190-924,603,361,531
191-648,979,31,887
192-698,0,6,0
193-979,0,48,0
194-698,0,6,0
195-831,0,78,0
196-366,300,103,519
197-698,0,48,0
198-178,932,129,165
199-698,0,48,0
200-552,87,995,647
201-698,0,48,0
202-648,878,31,48
203-648,979,31,48
204-924,603,361,531
205-648,979,31,887
206-924,603,361,531
Mejores:

924,603,361,531
648,979,31,887


------------------ GENERACIÓN 142 ----------------- 

207-924,603,361,531
208-698,0,6,0
209-979,0,48,0
210-698,0,6,0
211-831,0,78,0
212-366,300,103,519
213-698,0,48,0
214-178,932,129,165
215-698,0,48,0
216-552,87,995,647
217-698,0,48,0
218-648,878,31,48
219-648,979,31,48
220-648,979,31,887
221-924,603,361,531
222-698,0,6,0
Mejores:

924,603,361,531
698,0,6,0


------------------ GENERACIÓN 143 ----------------- 

223-924,603,361,531
224-698,0,6,0
225-979,0,48,0
226-698,0,6,0
227-831,0,78,0
228-366,300,103,519
229-698,0,48,0
230-178,932,129,165
231-698,0,48,0
232-552,87,995,647
233-698,0,48,0
234-648,878,31,48
235-648,979,31,48
236-648,979,31,887
237-924,603,361,531
238-698,0,6,0
239-924,603,361,531
Mejores:

924,603,361,531
698,0,6,0


------------------ GENERACIÓN 144 ----------------- 

240-979,0,48,0
241-698,0,6,0
242-831,0,78,0
243-366,300,103,519
244-698,0,48,0
245-178,932,129,165
246-698,0,48,0
247-552,87,995,647
248-698,0,48,0
249-924,603,361,531
250-648,878,31,48
251-648,979,31,48
252-648,979,31,887
253-698,0,6,0
254-979,0,48,0
255-698,0,6,0
Mejores:

979,0,48,0
698,0,6,0


------------------ GENERACIÓN 145 ----------------- 

256-698,0,6,0
257-831,0,78,0
258-366,300,103,519
259-698,0,48,0
260-178,932,129,165
261-698,0,48,0
262-552,87,995,647
263-698,0,48,0
264-924,603,361,531
265-648,878,31,48
266-648,979,31,48
267-648,979,31,887
268-698,0,6,0
269-979,0,48,0
270-698,0,6,0
271-831,0,78,0
272-979,0,48,0
Mejores:

698,0,6,0
831,0,78,0


------------------ GENERACIÓN 146 ----------------- 

273-366,300,103,519
274-698,0,48,0
275-178,932,129,165
276-698,0,48,0
277-552,87,995,647
278-698,0,48,0
279-924,603,361,531
280-648,878,31,48
281-648,979,31,48
282-648,979,31,887
283-698,0,6,0
284-979,0,48,0
285-698,0,6,0
286-831,0,78,0
287-366,300,103,519
288-698,0,48,0
Mejores:

366,300,103,519
698,0,48,0


------------------ GENERACIÓN 147 ----------------- 

289-698,0,48,0
290-178,932,129,165
291-698,0,48,0
292-552,87,995,647
293-698,0,48,0
294-924,603,361,531
295-648,878,31,48
296-648,979,31,48
297-648,979,31,887
298-698,0,6,0
299-979,0,48,0
300-698,0,6,0
301-831,0,78,0
302-366,300,103,519
303-698,0,48,0
304-178,932,129,165
305-366,300,103,519
Mejores:

698,0,48,0
178,932,129,165


------------------ GENERACIÓN 148 ----------------- 

306-924,603,361,531
307-698,0,48,0
308-552,87,995,647
309-698,0,48,0
310-924,603,361,531
311-648,878,31,48
312-648,979,31,48
313-648,979,31,887
314-698,0,6,0
315-979,0,48,0
316-698,0,6,0
317-831,0,78,0
318-366,300,103,519
319-698,0,48,0
320-924,603,361,531
321-698,0,48,0
Mejores:

924,603,361,531
698,0,48,0


------------------ GENERACIÓN 149 ----------------- 

322-924,603,361,531
323-698,0,48,0
324-552,87,995,647
325-698,0,48,0
326-924,603,361,531
327-648,878,31,48
328-648,979,31,48
329-648,979,31,887
330-698,0,6,0
331-979,0,48,0
332-698,0,6,0
333-831,0,78,0
334-366,300,103,519
335-698,0,48,0
336-924,603,361,531
337-698,0,48,0
338-924,603,361,531
Mejores:

924,603,361,531
698,0,48,0


------------------ GENERACIÓN 150 ----------------- 

339-924,603,361,531
340-924,603,361,531
341-552,87,995,647
342-698,0,48,0
343-924,603,361,531
344-648,878,31,48
345-648,979,31,48
346-648,979,31,887
347-698,0,6,0
348-979,0,48,0
349-698,0,6,0
350-831,0,78,0
351-366,300,103,519
352-698,0,48,0
353-924,603,361,531
354-924,603,361,531
Mejores:

924,603,361,531
924,603,361,531


------------------ GENERACIÓN 151 ----------------- 

355-924,603,361,531
356-924,603,361,531
357-924,603,361,531
358-552,87,995,647
359-698,0,48,0
360-924,603,361,531
361-648,878,31,48
362-648,979,31,48
363-648,979,31,887
364-698,0,6,0
365-979,0,48,0
366-698,0,6,0
367-831,0,78,0
368-366,300,103,519
369-924,603,361,531
370-924,603,361,531
371-924,603,361,531
Mejores:

924,603,361,531
924,603,361,531


------------------ GENERACIÓN 152 ----------------- 

372-924,603,361,531
373-924,603,361,531
374-924,603,361,531
375-924,603,361,531
376-924,603,361,531
377-924,603,361,531
378-924,603,361,531
379-552,87,995,647
380-698,0,48,0
381-924,603,361,531
382-648,878,31,48
383-648,979,31,48
384-648,979,31,887
385-698,0,6,0
386-924,603,361,531
387-924,603,361,531
Mejores:

924,603,361,531
924,603,361,531


------------------ GENERACIÓN 153 ----------------- 

388-924,603,361,531
389-924,603,361,531
390-924,603,361,531
391-924,603,361,531
392-924,603,361,531
393-924,603,361,531
394-924,603,361,531
395-924,603,361,531
396-552,87,995,647
397-698,0,48,0
398-924,603,361,531
399-648,878,31,48
400-648,979,31,48
401-648,979,31,887
402-924,603,361,531
403-924,603,361,531
404-924,603,361,531
Mejores:

924,603,361,531
924,603,361,531


------------------ GENERACIÓN 154 ----------------- 

405-924,603,361,531
406-924,603,361,531
407-924,603,361,531
408-924,603,361,531
409-924,603,361,531
410-924,603,361,531
411-924,603,361,531
412-924,603,361,531
413-924,603,361,531
414-924,603,361,531
415-552,87,995,647
416-698,0,48,0
417-924,603,361,531
418-648,878,31,48
419-924,603,361,531
420-924,603,361,531
Mejores:

924,603,361,531
924,603,361,531


------------------ GENERACIÓN 155 ----------------- 

421-924,603,361,531
422-924,603,361,531
423-924,603,361,531
424-924,603,361,531
425-924,603,361,531
426-924,603,361,531
427-924,603,361,531
428-924,603,361,531
429-924,603,361,531
430-924,603,361,531
431-924,603,361,531
432-552,87,995,647
433-698,0,48,0
434-924,603,361,531
435-924,603,361,531
436-924,603,361,531
437-924,603,361,531
Mejores:

924,603,361,531
924,603,361,531


------------------ GENERACIÓN 156 ----------------- 

438-924,603,361,531
439-924,603,361,531
440-924,603,361,531
441-924,603,361,531
442-924,603,361,531
443-924,569,361,531
444-924,603,361,531
445-924,603,361,531
446-924,603,361,531
447-924,603,361,531
448-924,603,361,531
449-924,603,361,531
450-924,603,361,531
451-924,603,361,531
452-924,603,361,531
453-924,603,361,531
Mejores:

924,603,361,531
924,603,361,531


