
------------------ GENERACIÓN 131 ----------------- 

26-648,698,31,48
27-648,698,31,48
28-868,510,320,402
29-633,698,31,48
30-622,824,549,248
31-622,824,549,248
32-592,629,31,57
33-880,904,560,580
34-880,904,560,580
35-633,818,178,240
36-633,818,178,240
37-648,633,217,31
38-648,633,217,31
39-648,633,866,6
40-648,698,31,48
41-648,698,31,48
Mejores:

648,698,31,48
648,698,31,48


------------------ GENERACIÓN 132 ----------------- 

42-633,698,31,48
43-648,878,25,6
44-648,698,31,48
45-648,698,31,48
46-648,698,31,48
47-633,818,178,240
48-880,633,217,31
49-648,633,217,31
50-868,510,320,402
51-592,629,31,57
52-633,818,178,240
53-648,633,217,31
54-868,510,320,938
55-453,633,519,31
56-633,698,31,48
57-648,878,25,6
Mejores:

633,698,31,48
648,878,25,6


------------------ GENERACIÓN 133 ----------------- 

58-648,878,25,6
59-648,698,31,48
60-648,698,31,48
61-633,698,31,48
62-648,878,25,6
63-648,698,31,48
64-648,698,25,6
65-633,818,178,240
66-880,633,217,31
67-648,633,217,31
68-868,510,320,402
69-592,629,31,57
70-633,818,178,240
71-648,633,217,31
72-648,878,25,6
73-648,698,31,48
74-633,698,31,48
Mejores:

648,878,25,6
648,698,31,48


------------------ GENERACIÓN 134 ----------------- 

75-648,698,31,48
76-633,698,31,48
77-648,878,25,6
78-648,878,25,6
79-648,698,31,48
80-648,698,31,48
81-880,633,178,240
82-633,818,178,240
83-868,510,320,402
84-880,694,217,544
85-648,633,217,934
86-648,698,25,6
87-633,818,178,240
88-880,633,217,31
89-648,698,31,48
90-633,698,31,48
Mejores:

648,698,31,48
633,698,31,48


------------------ GENERACIÓN 135 ----------------- 

91-633,698,31,48
92-648,878,25,6
93-648,878,25,6
94-648,698,31,48
95-648,698,31,48
96-648,698,31,48
97-633,698,31,48
98-880,633,178,240
99-633,818,178,240
100-868,510,320,402
101-880,694,217,544
102-648,633,217,934
103-648,698,890,48
104-648,790,25,6
105-633,698,31,48
106-648,878,25,6
107-648,698,31,48
Mejores:

633,698,31,48
648,878,25,6


------------------ GENERACIÓN 136 ----------------- 

108-648,698,25,6
109-648,979,31,48
110-648,878,25,6
111-648,878,25,6
112-648,878,25,6
113-648,698,31,48
114-648,698,31,48
115-648,698,31,48
116-633,698,31,48
117-633,698,31,48
118-648,878,25,6
119-880,633,178,240
120-633,818,178,240
121-868,510,320,402
122-648,698,25,6
123-648,979,31,48
Mejores:

648,698,25,6
648,979,31,48


------------------ GENERACIÓN 137 ----------------- 

124-648,979,31,48
125-648,878,25,6
126-648,878,25,6
127-648,698,25,6
128-648,979,31,48
129-633,698,25,6
130-648,979,31,48
131-374,831,992,78
132-648,878,25,6
133-648,698,31,48
134-648,698,31,48
135-648,698,31,48
136-633,698,31,48
137-633,698,31,48
138-648,979,31,48
139-648,878,25,6
140-648,698,25,6
Mejores:

648,979,31,48
648,878,25,6


------------------ GENERACIÓN 138 ----------------- 

141-648,878,31,48
142-648,979,31,48
143-648,979,31,48
144-648,979,31,887
145-698,0,6,0
146-979,0,48,0
147-698,0,6,0
148-831,0,78,0
149-366,300,103,519
150-698,0,48,0
151-178,932,129,165
152-698,0,48,0
153-552,87,995,647
154-698,0,48,0
155-648,878,31,48
156-648,979,31,48
Mejores:

648,878,31,48
648,979,31,48


------------------ GENERACIÓN 139 ----------------- 

157-648,979,31,48
158-648,979,31,48
159-648,979,31,887
160-698,0,6,0
161-979,0,48,0
162-698,0,6,0
163-831,0,78,0
164-366,300,103,519
165-698,0,48,0
166-178,932,129,165
167-698,0,48,0
168-552,87,995,647
169-698,0,48,0
170-648,878,31,48
171-648,979,31,48
172-648,979,31,48
173-648,878,31,48
Mejores:

648,979,31,48
648,979,31,48


------------------ GENERACIÓN 140 ----------------- 

174-924,603,361,531
175-648,979,31,887
176-698,0,6,0
177-979,0,48,0
178-698,0,6,0
179-831,0,78,0
180-366,300,103,519
181-698,0,48,0
182-178,932,129,165
183-698,0,48,0
184-552,87,995,647
185-698,0,48,0
186-648,878,31,48
187-648,979,31,48
188-924,603,361,531
189-648,979,31,887
Mejores:

924,603,361,531
648,979,31,887


------------------ GENERACIÓN 141 ----------------- 

190-924,603,361,531
191-648,979,31,887
192-698,0,6,0
193-979,0,48,0
194-698,0,6,0
195-831,0,78,0
196-366,300,103,519
197-698,0,48,0
198-178,932,129,165
199-698,0,48,0
200-552,87,995,647
201-698,0,48,0
202-648,878,31,48
203-648,979,31,48
204-924,603,361,531
205-648,979,31,887
206-924,603,361,531
Mejores:

924,603,361,531
648,979,31,887


------------------ GENERACIÓN 142 ----------------- 

207-924,603,361,531
208-698,0,6,0
209-979,0,48,0
210-698,0,6,0
211-831,0,78,0
212-366,300,103,519
213-698,0,48,0
214-178,932,129,165
215-698,0,48,0
216-552,87,995,647
217-698,0,48,0
218-648,878,31,48
219-648,979,31,48
220-648,979,31,887
221-924,603,361,531
222-698,0,6,0
Mejores:

924,603,361,531
698,0,6,0


------------------ GENERACIÓN 143 ----------------- 

223-924,603,361,531
224-698,0,6,0
225-979,0,48,0
226-698,0,6,0
227-831,0,78,0
228-366,300,103,519
229-698,0,48,0
230-178,932,129,165
231-698,0,48,0
232-552,87,995,647
233-698,0,48,0
234-648,878,31,48
235-648,979,31,48
236-648,979,31,887
237-924,603,361,531
238-698,0,6,0
239-924,603,361,531
Mejores:

924,603,361,531
698,0,6,0


------------------ GENERACIÓN 144 ----------------- 

240-979,0,48,0
241-698,0,6,0
242-831,0,78,0
243-366,300,103,519
244-698,0,48,0
245-178,932,129,165
246-698,0,48,0
247-552,87,995,647
248-698,0,48,0
249-924,603,361,531
250-648,878,31,48
251-648,979,31,48
252-648,979,31,887
253-698,0,6,0
254-979,0,48,0
255-698,0,6,0
Mejores:

979,0,48,0
698,0,6,0


------------------ GENERACIÓN 145 ----------------- 

256-698,0,6,0
257-831,0,78,0
258-366,300,103,519
259-698,0,48,0
260-178,932,129,165
261-698,0,48,0
262-552,87,995,647
263-698,0,48,0
264-924,603,361,531
265-648,878,31,48
266-648,979,31,48
267-648,979,31,887
268-698,0,6,0
269-979,0,48,0
270-698,0,6,0
271-831,0,78,0
272-979,0,48,0
Mejores:

698,0,6,0
831,0,78,0


------------------ GENERACIÓN 146 ----------------- 

273-366,300,103,519
274-698,0,48,0
275-178,932,129,165
276-698,0,48,0
277-552,87,995,647
278-698,0,48,0
279-924,603,361,531
280-648,878,31,48
281-648,979,31,48
282-648,979,31,887
283-698,0,6,0
284-979,0,48,0
285-698,0,6,0
286-831,0,78,0
287-366,300,103,519
288-698,0,48,0
Mejores:

366,300,103,519
698,0,48,0


------------------ GENERACIÓN 147 ----------------- 

289-698,0,48,0
290-178,932,129,165
291-698,0,48,0
292-552,87,995,647
293-698,0,48,0
294-924,603,361,531
295-648,878,31,48
296-648,979,31,48
297-648,979,31,887
298-698,0,6,0
299-979,0,48,0
300-698,0,6,0
301-831,0,78,0
302-366,300,103,519
303-698,0,48,0
304-178,932,129,165
305-366,300,103,519
Mejores:

698,0,48,0
178,932,129,165


------------------ GENERACIÓN 148 ----------------- 

306-924,603,361,531
307-698,0,48,0
308-552,87,995,647
309-698,0,48,0
310-924,603,361,531
311-648,878,31,48
312-648,979,31,48
313-648,979,31,887
314-698,0,6,0
315-979,0,48,0
316-698,0,6,0
317-831,0,78,0
318-366,300,103,519
319-698,0,48,0
320-924,603,361,531
321-698,0,48,0
Mejores:

924,603,361,531
698,0,48,0


------------------ GENERACIÓN 149 ----------------- 

322-924,603,361,531
323-698,0,48,0
324-552,87,995,647
325-698,0,48,0
326-924,603,361,531
327-648,878,31,48
328-648,979,31,48
329-648,979,31,887
330-698,0,6,0
331-979,0,48,0
332-698,0,6,0
333-831,0,78,0
334-366,300,103,519
335-698,0,48,0
336-924,603,361,531
337-698,0,48,0
338-924,603,361,531
Mejores:

924,603,361,531
698,0,48,0


------------------ GENERACIÓN 150 ----------------- 

339-924,603,361,531
340-924,603,361,531
341-552,87,995,647
342-698,0,48,0
343-924,603,361,531
344-648,878,31,48
345-648,979,31,48
346-648,979,31,887
347-698,0,6,0
348-979,0,48,0
349-698,0,6,0
350-831,0,78,0
351-366,300,103,519
352-698,0,48,0
353-924,603,361,531
354-924,603,361,531
Mejores:

924,603,361,531
924,603,361,531


------------------ GENERACIÓN 151 ----------------- 

355-924,603,361,531
356-924,603,361,531
357-924,603,361,531
358-552,87,995,647
359-698,0,48,0
360-924,603,361,531
361-648,878,31,48
362-648,979,31,48
363-648,979,31,887
364-698,0,6,0
365-979,0,48,0
366-698,0,6,0
367-831,0,78,0
368-366,300,103,519
369-924,603,361,531
370-924,603,361,531
371-924,603,361,531
Mejores:

924,603,361,531
924,603,361,531


------------------ GENERACIÓN 152 ----------------- 

372-924,603,361,531
373-924,603,361,531
374-924,603,361,531
375-924,603,361,531
376-924,603,361,531
377-924,603,361,531
378-924,603,361,531
379-552,87,995,647
380-698,0,48,0
381-924,603,361,531
382-648,878,31,48
383-648,979,31,48
384-648,979,31,887
385-698,0,6,0
386-924,603,361,531
387-924,603,361,531
Mejores:

924,603,361,531
924,603,361,531


------------------ GENERACIÓN 153 ----------------- 

388-924,603,361,531
389-924,603,361,531
390-924,603,361,531
391-924,603,361,531
392-924,603,361,531
393-924,603,361,531
394-924,603,361,531
395-924,603,361,531
396-552,87,995,647
397-698,0,48,0
398-924,603,361,531
399-648,878,31,48
400-648,979,31,48
401-648,979,31,887
402-924,603,361,531
403-924,603,361,531
404-924,603,361,531
Mejores:

924,603,361,531
924,603,361,531


------------------ GENERACIÓN 154 ----------------- 

405-924,603,361,531
406-924,603,361,531
407-924,603,361,531
408-924,603,361,531
409-924,603,361,531
410-924,603,361,531
411-924,603,361,531
412-924,603,361,531
413-924,603,361,531
414-924,603,361,531
415-552,87,995,647
416-698,0,48,0
417-924,603,361,531
418-648,878,31,48
419-924,603,361,531
420-924,603,361,531
Mejores:

924,603,361,531
924,603,361,531


------------------ GENERACIÓN 155 ----------------- 

421-924,603,361,531
422-924,603,361,531
423-924,603,361,531
424-924,603,361,531
425-924,603,361,531
426-924,603,361,531
427-924,603,361,531
428-924,603,361,531
429-924,603,361,531
430-924,603,361,531
431-924,603,361,531
432-552,87,995,647
433-698,0,48,0
434-924,603,361,531
435-924,603,361,531
436-924,603,361,531
437-924,603,361,531
Mejores:

924,603,361,531
924,603,361,531


------------------ GENERACIÓN 156 ----------------- 

438-924,603,361,531
439-924,603,361,531
440-924,603,361,531
441-924,603,361,531
442-924,603,361,531
443-924,569,361,531
444-924,603,361,531
445-924,603,361,531
446-924,603,361,531
447-924,603,361,531
448-924,603,361,531
449-924,603,361,531
450-924,603,361,531
451-924,603,361,531
452-924,603,361,531
453-924,603,361,531
Mejores:

924,603,361,531
924,603,361,531


